# data format:
# time voltage
# (msecs) (mvolts)
476 109
548 58
618 774
688 1164
758 1412
828 1541
898 1622
968 1754
1038 1674
1108 1683
1178 1696
1248 1712
1318 1832
1388 1777
1458 1796
1528 1829
1598 1874
1668 1987
1738 1883
1808 1864
1878 1874
1948 1896
2018 1903
2088 1967
2158 1948
2228 1983
2298 2025
2368 2006
2438 2129
2508 2035
2578 2041
2648 2045
2718 2074
2788 2212
2858 2132
2928 2122
2998 2170
3068 2203
3138 2148
3208 2270
3278 2190
3348 2212
3418 2212
3488 2229
3558 2367
3628 2300
3698 2303
3768 2329
3846 2332
3915 2419
3985 2316
4055 2338
4125 2348
4195 2400
4265 2574
4335 2493
4405 2454
4475 2464
4545 2496
4615 2435
4685 2596
4755 2474
4825 2496
4895 2506
4965 2564
5035 2751
5105 2641
5175 2587
5245 2609
5315 2612
5385 2587
5455 2754
5525 2632
5595 2632
5665 2658
5735 2722
5805 2890
5875 2777
5945 2725
6015 2738
6085 2780
6155 2706
6225 2887
6295 2751
6365 2774
6435 2793
6505 2861
6575 3035
6645 2912
6715 2848
6785 2867
6855 2864
6925 2858
6995 3048
7065 2909
7135 2887
7205 2929
7275 2970
7345 2887
7422 3032
7491 2954
7561 2958
7631 2990
7701 3070
7771 3067
7841 3000
7911 3022
7981 3019
8051 3019
8121 3216
8191 3077
8261 3038
8331 3061
8401 3087
8471 3016
8541 3229
8611 3074
8681 3087
8751 3100
8821 3138
8891 3225
8961 3203
9031 3119
9101 3129
9171 3125
9241 3154
9311 3300
9381 3206
9451 3158
9521 3170
9591 3187
9661 3154
9731 3300
9801 3212
9871 3183
9941 3187
10011 3238
10081 3135
10151 3300
10221 3193
10291 3212
10361 3203
10431 3238
10501 3300
10571 3290
10641 3206
10711 3232
10781 3216
10851 3251
10929 3300
10998 3232
11068 3238
11138 3229
11208 3248
11278 3300
11348 3300
11418 3235
11488 3241
11558 3254
11628 3216
11698 3300
11768 3274
11839 3232
11908 3238
11978 3277
12048 3164
12118 3300
12188 3222
12258 3235
12328 3229
12398 3277
12468 3187
12538 3300
12608 3209
12678 3225
12748 3216
12823 3283
12895 3300
12965 3206
13035 3212
13105 3206
13175 3241
13245 3264
13315 3300
13385 3177
13455 3193
13525 3187
13595 3222
13665 3135
13735 3267
13805 3145
13875 3161
13945 3158
14015 3183
14085 3225
14155 3248
14232 3138
14301 3122
14371 3154
14441 3200
14511 3183
14581 3080
14651 3106
14722 3093
14791 3119
14861 3300
14931 3151
15001 3061
15071 3074
15141 3038
15211 3054
15281 3238
15351 3093
15422 2996
15492 3029
15561 3000
15631 3016
15701 3200
15771 3048
15841 2958
15911 2967
15982 2938
16051 2945
16121 3132
16191 3000
16261 2909
16331 2919
16401 2887
16471 2906
16541 3070
16611 2922
16681 2825
16751 2835
16821 2803
16891 2845
16961 2941
17031 2893
17101 2780
17171 2787
17241 2758
17311 2770
17381 2916
17459 2732
17528 2729
17598 2709
17668 2725
17738 2709
17808 2754
17878 2635
17948 2638
18018 2619
18088 2619
18158 2735
18228 2680
18298 2580
18368 2574
18438 2554
18508 2567
18578 2554
18648 2583
18718 2464
18788 2461
18858 2445
18928 2480
18998 2412
19068 2577
19138 2438
19208 2406
19278 2390
19348 2390
19418 2306
19488 2441
19558 2316
19628 2293
19698 2303
19768 2325
19838 2267
19908 2403
19978 2254
20048 2225
20118 2206
20188 2196
20258 2119
20328 2248
20398 2145
20468 2132
20538 2141
20608 2148
20678 2070
20756 2132
20825 2022
20895 2012
20965 2045
21035 1980
21105 2112
21175 2012
21245 1977
21315 1951
21385 1945
21455 1854
21525 1958
21595 1858
21665 1841
21735 1841
21805 1864
21875 1819
21945 1919
22015 1819
22085 1774
22155 1745
22225 1732
22295 1664
22365 1761
22435 1690
22505 1667
22575 1667
22645 1674
22715 1629
22785 1700
22855 1609
22925 1561
22995 1529
23065 1516
23135 1487
23205 1580
23275 1509
23345 1487
23415 1487
23485 1470
23555 1422
23625 1477
23695 1387
23765 1338
23835 1338
23905 1341
23982 1316
24051 1338
24121 1303
24191 1270
24261 1254
24331 1203
24401 1277
24471 1209
24541 1193
24611 1196
24681 1193
24751 1170
24821 1225
24891 1141
24961 1100
25031 1064
25101 1054
25171 1045
25241 1109
25311 1048
25381 1022
25451 1019
25521 1006
25591 987
25661 1016
25731 941
25801 900
25871 896
25941 883
26011 887
26081 900
26151 887
26227 819
26298 803
26368 796
26438 761
26508 793
26578 754
26648 754
26718 745
26788 748
26858 716
26928 748
26998 677
27068 654
27138 648
27208 648
27278 625
27348 658
27426 619
27495 612
27565 577
27635 551
27705 574
27775 545
27845 529
27915 519
27985 509
28055 506
28126 480
28195 503
28265 467
28335 438
28405 429
28475 429
28545 403
28615 422
28685 393
28755 387
28825 383
28895 377
28965 361
29035 354
29105 322
29175 316
29245 309
29315 300
29385 293
29455 306
29525 280
29595 267
29665 264
29735 254
29805 225
29875 254
29945 219
30015 203
30085 203
30155 196
30225 196
30295 174
30365 180
30435 167
30505 158
30575 148
30645 145
30715 132
30785 132
30855 122
30925 119
31002 116
31072 106
31141 103
31211 87
31281 87
31351 80
31421 74
31491 70
31561 100
31631 61
31701 58
31771 54
31842 45
31911 45
31981 29
32051 32
32121 29
32191 29
32261 22
32331 25
32401 19
32471 12
32541 6
32611 6
32681 6
32751 9
32821 0
32891 0
32961 0
33031 0
33101 0
33171 0
33241 0
33311 0
33381 0
33451 0
33521 0
33591 0
33661 0
33731 9
33801 0
33871 0
33941 0
34011 0
34081 0
34151 0
34221 0
34291 0
34361 0
34431 0
34501 0
34571 0
34641 48
34711 0
34781 3
34851 6
34921 3
34991 9
35061 9
35131 12
35201 12
35279 25
35348 32
35418 25
35488 32
35558 35
35628 41
35698 48
35768 51
35838 54
35908 100
35978 67
36048 74
36118 74
36188 80
36258 93
36328 87
36398 103
36468 103
36538 112
36608 119
36678 132
36748 129
36818 148
36888 141
36958 151
37028 158
37098 164
37168 174
37238 174
37308 200
37378 200
37448 209
37518 222
37588 229
37658 216
37728 241
37798 241
37868 254
37938 267
38008 277
38078 290
38148 319
38218 316
38288 325
38358 319
38428 322
38498 338
38568 345
38638 374
38709 374
38778 390
38849 406
38918 422
38985 409
39055 422
39125 435
39196 461
39265 454
39335 509
39405 506
39475 522
39545 516
39620 545
39691 561
39761 554
39831 561
39901 580
39971 593
40041 622
40111 616
40181 622
40251 612
40321 632
40391 651
40461 674
40531 690
40601 754
40671 745
40741 758
40811 758
40881 748
40951 748
41021 819
41091 803
41161 800
41231 822
41301 841
41371 880
41441 877
41511 954
41581 906
41651 893
41721 903
41791 925
41861 948
41931 1035
42001 1012
42071 1009
42141 1038
42211 1061
42281 1074
42351 1048
42421 1103
42499 1067
42569 1116
42638 1138
42708 1161
42778 1264
42848 1203
42918 1183
42988 1187
43058 1183
43128 1222
43198 1235
43268 1306
43338 1280
43408 1312
43478 1341
43548 1370
43619 1338
43688 1419
43758 1370
43828 1361
43898 1393
43968 1419
44038 1448
44108 1570
44178 1541
44248 1516
44319 1525
44389 1525
44458 1545
44528 1500
44599 1622
44669 1574
44738 1590
44808 1632
44878 1667
44948 1674
45018 1793
45088 1716
45158 1700
45228 1709
45298 1706
45368 1729
45438 1880
45508 1825
45578 1800
45648 1845
45718 1854
45785 1803
45855 1832
45925 1877
45995 1893
46065 1945
46135 2090
46206 2035
46275 1958
46346 1980
46415 1983
46486 2019
46555 1945
46626 2119
46696 2064
46765 2080
46835 2119
46905 2138
46975 2125
47045 2267
47115 2193
47185 2154
47255 2164
47325 2164
47395 2216
47465 2180
47535 2377
47606 2303
47675 2283
47745 2300
47815 2303
47885 2306
47955 2467
48025 2361
48096 2325
48165 2367
48235 2383
48305 2441
48375 2567
48446 2516
48516 2438
48586 2464
48655 2467
48726 2509
48795 2422
48865 2600
48935 2535
49012 2558
49081 2554
49151 2567
49221 2748
49291 2641
49361 2567
49431 2596
49501 2622
49571 2696
49641 2622
49711 2816
49781 2722
49851 2696
49921 2712
49991 2719
50061 2716
50131 2900
50201 2809
50271 2745
50341 2787
50411 2796
50481 2838
50551 2774
50621 2980
50691 2851
50762 2829
50831 2851
50901 2848
50971 2867
51041 3093
51111 2951
51181 2900
51251 2925
51321 2922
51391 2967
51461 2877
51531 3087
51601 2987
51671 2954
51741 2980
51811 3003
51881 3000
51951 3196
52021 3083
52091 3019
52161 3029
52231 3032
52309 3061
52378 3216
52448 3103
52518 3074
52588 3080
52658 3087
52728 3100
52798 3290
52868 3190
52938 3100
53013 3100
53085 3161
53155 3212
53225 3261
53295 3138
53365 3138
53435 3148
53505 3183
53575 3132
53645 3300
53715 3216
53785 3174
53856 3183
53925 3177
53995 3219
54065 3154
54135 3300
54205 3196
54275 3196
54346 3212
54415 3222
54485 3206
54555 3300
54625 3267
54695 3216
54765 3232
54835 3219
54906 3274
54975 3200
55045 3300
55115 3270
55185 3235
55255 3241
55325 3232
55395 3248
55465 3300
55542 3296
55611 3241
55681 3229
55752 3277
55822 3187
55891 3300
55961 3261
56031 3232
56101 3238
56171 3248
56241 3245
56311 3300
56381 3300
56451 3219
56521 3235
56591 3225
56661 3264
56731 3164
56801 3300
56871 3261
56941 3212
57011 3225
57081 3206
57151 3222
57221 3300
57291 3287
57361 3180
57431 3200
57501 3190
57571 3229
57641 3151
57711 3300
57781 3219
57851 3167
57921 3174
57991 3164
58061 3190
58131 3093
58201 3300
58271 3164
58341 3129
58411 3138
58481 3116
58551 3125
58621 3300
58691 3196
58761 3083
58839 3103
58908 3119
58978 3035
59048 3229
59118 3103
59188 3038
59258 3067
59328 3035
59398 3067
59468 2993
59539 3158
59608 3022
59678 2996
59748 2990
59819 2983
59888 2954
59958 3138
60029 3041
60098 2948
60168 2945
60238 2929
60309 2951
60379 2867
60448 3041
60519 2919
60588 2858
60659 2861
60728 2848
60798 2861
60869 3006
60938 2900
61008 2800
61078 2803
61148 2783
61218 2800
61288 2722
61358 2883
61428 2783
61498 2748
61568 2738
61638 2722
61708 2738
61778 2654
61848 2822
61919 2693
61988 2629
62066 2632
62135 2651
62205 2787
62275 2687
62345 2580
62415 2567
62485 2558
62555 2564
62625 2474
62695 2651
62766 2538
62835 2500
62906 2500
62975 2461
63045 2464
63115 2593
63185 2487
63255 2377
63326 2374
63395 2351
63465 2383
63535 2319
63606 2487
63675 2374
63745 2316
63815 2300
63885 2270
63956 2264
64025 2364
64095 2248
64165 2174
64235 2193
64305 2196
64375 2216
64446 2161
64515 2274
64585 2148
64655 2096
64725 2083
64795 2045
64865 2048
64935 2051
65006 2122
65075 2038
65145 2022
65216 2009
65286 1977
65363 1954
65436 1935
65506 1935
65576 1848
65646 1935
65716 1835
65786 1825
65856 1832
65926 1825
65996 1822
66066 1954
66136 1848
66206 1754
66276 1741
66346 1700
66420 1761
66492 1764
66562 1693
66632 1680
66702 1667
66772 1632
66842 1603
66912 1683
66982 1580
67052 1516
67122 1529
67192 1516
67262 1538
67332 1487
67402 1570
67472 1477
67542 1451
67612 1425
67682 1396
67752 1351
67822 1448
67892 1393
67962 1341
68032 1341
68102 1335
68172 1348
68242 1280
68312 1325
68382 1238
68452 1209
68522 1203
68600 1216
68672 1174
68742 1174
68812 1161
68882 1235
68952 1177
69022 1135
69092 1122
69162 1083
69232 1064
69302 993
69372 1048
69442 1006
69512 1003
69582 990
69652 987
69722 974
69792 1035
69862 974
69932 912
70002 883
70072 867
70142 867
70212 835
70282 877
70352 832
70422 825
70492 822
70562 812
70632 780
70702 803
70772 732
70842 709
70912 706
70982 696
71052 700
71122 670
71192 703
71262 670
71332 658
71402 625
71472 593
71542 577
71612 616
71682 577
71752 558
71822 548
71892 538
71962 538
72032 516
72110 503
72182 496
72252 496
72322 448
72392 445
72462 438
72532 429
72602 416
72672 448
72742 412
72812 396
72882 390
72952 380
73022 351
73092 325
73162 341
73232 319
73302 309
73372 309
73442 300
73512 290
73582 332
73652 287
73722 264
73792 241
73862 238
73932 232
74002 219
74072 235
74142 212
74212 196
74282 196
74352 187
74422 190
74492 164
74562 164
74632 148
74702 141
74772 138
74842 132
74912 132
74982 116
75052 122
75122 106
75192 106
75262 90
75332 83
75402 87
75472 74
75542 77
75612 64
75682 67
75760 61
75832 51
75902 51
75972 51
76042 38
76112 74
76182 29
76252 25
76322 22
76392 19
76462 22
76532 9
76602 9
76672 6
76742 6
76812 9
76882 0
76952 0
77022 0
77092 0
77162 0
77232 0
77302 0
77372 0
77442 0
77512 0
77582 0
77652 0
77722 0
77792 0
77862 0
77932 0
78002 22
78072 0
78142 0
78212 0
78282 0
78352 0
78422 0
78492 9
78562 0
78632 0
78702 0
78772 0
78842 6
78912 0
78982 3
79052 6
79122 12
79192 16
79262 22
79332 19
79402 29
79472 25
79542 32
79612 41
79682 45
79752 54
79827 51
79899 51
79969 61
80046 67
80116 74
80186 96
80256 77
80326 80
80396 90
80466 96
80536 103
80606 109
80676 151
80746 129
80816 129
80886 145
80956 135
81026 148
81096 151
81166 167
81236 174
81306 180
81376 190
81446 200
81516 216
81586 216
81656 232
81726 219
81796 232
81866 245
81936 251
82006 267
82076 270
82146 300
82216 300
82286 312
82356 322
82426 312
82496 325
82566 325
82636 364
82706 361
82776 374
82846 387
82916 396
82986 419
83056 422
83126 451
83196 429
83266 441
83336 458
83406 467
83476 483
83546 490
83616 541
83692 535
83762 512
83832 525
83902 551
83972 554
84042 612
84112 603
84182 612
84252 635
84322 651
84392 667
84462 641
84532 683
84602 674
84672 683
84742 703
84812 722
84882 748
84952 761
85022 841
85092 829
85162 803
85232 803
85302 796
85372 825
85442 829
85512 903
85582 896
85652 906
85722 925
85792 951
85862 964
85932 941
86002 1006
86072 970
86142 974
86212 1003
86282 1022
86352 1061
86421 1058
86492 1167
86562 1135
86632 1119
86702 1112
86772 1116
86842 1132
86912 1141
86982 1245
87052 1219
87122 1219
87200 1267
87272 1251
87342 1283
87412 1300
87482 1322
87552 1277
87622 1341
87692 1306
87762 1329
87832 1358
87902 1387
87972 1419
88042 1503
88112 1519
88182 1470
88252 1480
88322 1490
88392 1480
88462 1483
88532 1616
88602 1577
88672 1548
88742 1593
88812 1625
88882 1651
88952 1641
89022 1764
89092 1712
89162 1654
89232 1670
89302 1696
89372 1735
89442 1732
89512 1903
89582 1825
89652 1812
89721 1819
89792 1819
89862 1851
89932 1793
90002 1906
90072 1867
90142 1903
90212 1935
90282 1970
90352 1980
90430 2106
90502 2000
90572 2141
90642 2083
90712 2016
90782 2029
90852 2041
90922 2064
90992 2093
91062 2274
91132 2216
91202 2148
91272 2177
91342 2183
91412 2200
91482 2190
91552 2338
91622 2287
91692 2222
91762 2274
91832 2309
91902 2316
91972 2325
92042 2500
92112 2412
92182 2335
92252 2358
92322 2367
92392 2377
92462 2400
92532 2561
92602 2548
92672 2454
92742 2470
92812 2487
92882 2487
92952 2500
93022 2687
93092 2593
93167 2561
93239 2574
93309 2612
93379 2551
93449 2709
93519 2616
93589 2612
93659 2632
93737 2677
93809 2648
93879 2664
93949 2709
94019 2896
94089 2819
94159 2722
94229 2738
94299 2748
94369 2770
94439 2758
94509 2948
94579 2870
94649 2800
94719 2825
94789 2845
94859 2848
94929 2861
94999 3032
95069 2954
95139 2858
95209 2880
95279 2893
95349 2935
95419 2925
95489 3096
95559 3045
95629 2938
95699 2954
95769 2977
95839 2980
95909 2990
95979 3129
96049 3080
96119 2987
96189 3029
96259 3038
96329 3064
96399 3029
96469 3225
96539 3145
96609 3038
96679 3061
96749 3083
96819 3090
96889 3080
96967 3300
97039 3112
97109 3300
97179 3219
97249 3112
97319 3129
97389 3138
97459 3141
97529 3135
97599 3300
97669 3258
97739 3151
97809 3164
97879 3183
97949 3190
98019 3190
98089 3300
98159 3293
98229 3167
98299 3200
98369 3206
98439 3209
98509 3209
98579 3300
98649 3300
98719 3203
98789 3216
98859 3232
98929 3216
98999 3232
99069 3300
99139 3300
99209 3206
99279 3238
99349 3238
99419 3261
99489 3225
99559 3300
99629 3300
99699 3212
99769 3229
99839 3238
99909 3229
99979 3241
100049 3300
100119 3300
100189 3222
100267 3241
100339 3209
100409 3238
100479 3235
100549 3248
100619 3212
100689 3300
100759 3300
100829 3206
100899 3222
100969 3235
101039 3222
101109 3222
101179 3300
101249 3300
101319 3196
101389 3200
101459 3203
101529 3200
101599 3196
101669 3290
101739 3300
101809 3158
101879 3167
101949 3180
102019 3167
102089 3151
102159 3300
102229 3235
102299 3129
102369 3145
102439 3145
102509 3135
102579 3125
102649 3283
102719 3219
102789 3093
102859 3087
102929 3096
102999 3074
103069 3093
103139 3290
103217 3145
103289 3251
103359 3151
103429 3038
103499 3035
103569 3032
103639 3019
103709 3000
103779 3122
103849 3093
103919 2983
103989 2977
104059 2980
104129 2958
104199 2958
104269 3148
104339 3025
104409 2896
104479 2900
104549 2893
104619 2883
104689 2900
104759 3064
104829 2961
104899 2845
104969 2835
105039 2835
105109 2825
105179 2800
105249 2929
105319 2841
105389 2758
105459 2777
105529 2767
105599 2758
105669 2725
105739 2838
105809 2783
105879 2667
105949 2654
106019 2651
106089 2658
106159 2645
106237 2800
106309 2619
106379 2783
106449 2667
106519 2558
106593 2570
106666 2551
106736 2503
106806 2693
106876 2596
106946 2503
107016 2496
107086 2474
107156 2477
107226 2406
107296 2548
107366 2438
107436 2361
107506 2374
107576 2387
107646 2396
107716 2345
107786 2490
107856 2367
107925 2280
107996 2267
108066 2245
108136 2238
108206 2200
108276 2358
108346 2274
108416 2212
108486 2190
108556 2167
108626 2154
108696 2103
108766 2229
108836 2132
108906 2041
108976 2051
109046 2054
109116 2067
109185 2012
109263 2129
109336 1990
109406 2103
109476 2006
109546 1916
109616 1900
109685 1874
109756 1877
109826 1861
109896 1993
109966 1903
110036 1845
110106 1825
110176 1800
110246 1787
110316 1732
110386 1819
110456 1735
110526 1683
110596 1690
110666 1690
110736 1696
110806 1664
110876 1758
110946 1654
111016 1580
111086 1561
111156 1529
111225 1551
111296 1512
111366 1612
111436 1545
111506 1509
111576 1496
111646 1464
111716 1441
111786 1390
111856 1458
111926 1380
111996 1348
112066 1351
112136 1338
112212 1354
112282 1403
112352 1316
112422 1235
112492 1225
112562 1225
112632 1225
112702 1216
112772 1290
112842 1241
112912 1196
112982 1164
113052 1135
113122 1096
113192 1067
113262 1135
113332 1096
113402 1045
113472 1038
113542 1035
113612 1029
113682 1019
113752 1054
113822 990
113892 916
113962 912
114032 909
114102 916
114171 880
114242 951
114312 903
114382 867
114452 854
114522 822
114592 787
114662 767
114732 822
114802 780
114872 741
114942 735
115012 732
115082 725
115152 719
115222 770
115292 687
115370 635
115442 638
115512 600
115582 600
115652 593
115722 590
115792 574
115862 603
115932 583
116002 554
116072 548
116142 516
116212 490
116282 480
116352 506
116422 477
116492 451
116562 445
116632 435
116702 435
116772 422
116842 448
116912 387
116982 364
117052 358
117122 354
117192 351
117262 338
117332 358
117402 335
117472 316
117542 309
117612 293
117682 274
117752 261
117822 306
117892 251
117962 238
118032 235
118102 225
118172 222
118242 209
118312 241
118381 187
118452 174
118522 174
118600 167
118672 161
118742 154
118812 154
118882 141
118952 177
119022 132
119092 119
119162 119
119232 100
119302 100
119372 93
119442 96
119512 83
119582 77
119652 74
119722 67
119792 64
119862 58
119932 87
120008 48
120079 48
120149 38
120219 41
120289 32
120359 35
120429 25
120499 19
120569 19
120639 19
120709 16
120779 6
120849 48
120919 3
120989 6
121059 0
121129 0
121199 0
121269 0
121339 0
121409 0
121479 0
121549 0
121619 0
121689 0
121759 0
121829 35
121899 0
121969 0
122039 0
122109 0
122179 0
122257 0
122329 0
122399 0
122469 0
122539 0
122609 0
122679 0
122749 0
122819 0
122889 0
122959 35
123029 0
123099 3
123169 12
123239 16
123309 19
123379 16
123449 25
123519 25
123589 25
123659 29
123729 35
123799 38
123869 45
123939 70
124009 51
124079 58
124149 67
124219 70
124289 80
124359 77
124429 125
124499 87
124569 93
124639 103
124709 109
124779 119
124849 122
124919 164
124989 141
125059 145
125129 145
125199 148
125269 161
125339 167
125409 203
125479 190
125549 190
125619 203
125689 216
125759 229
125837 212
125909 251
125979 229
126049 267
126119 258
126189 264
126259 277
126329 290
126399 309
126469 312
126539 345
126609 348
126679 341
126749 338
126819 348
126889 358
126959 370
127029 409
127099 412
127169 416
127239 435
127309 448
127379 461
127449 448
127519 487
127589 477
127659 477
127729 496
127799 516
127869 532
127939 554
128009 616
128079 606
128149 583
128219 574
128289 590
128359 609
128429 625
128499 693
128569 680
128638 683
128709 693
128779 716
128849 729
128919 725
128989 738
129055 751
129126 770
129196 796
129266 787
129336 851
129406 793
129476 809
129546 832
129616 854
129685 864
129756 877
129826 945
129896 935
129966 958
130036 970
130106 961
130176 945
130246 1041
130316 1016
130386 1000
130456 1032
130526 1058
130596 1093
130665 1103
130736 1177
130806 1174
130876 1129
130946 1122
131016 1138
131086 1154
131156 1187
131226 1303
131296 1274
131366 1258
131436 1283
131506 1293
131576 1296
131646 1300
131716 1364
131786 1348
131856 1325
131926 1354
131996 1387
132066 1406
132136 1445
132201 1409
132272 1429
132342 1464
132412 1477
132482 1616
132552 1574
132622 1554
132692 1567
132762 1564
132832 1580
132902 1570
132972 1680
133042 1651
133112 1619
133182 1658
133252 1696
133322 1722
133397 1677
133469 1745
133539 1706
133609 1732
133679 1767
133749 1803
133819 1822
133889 1983
133959 1919
134029 1854
134099 1874
134169 1874
134239 1893
134309 1880
134379 2041
134449 2009
134519 1970
134589 2003
134659 2032
134729 2025
134799 2038
134869 2174
134939 2112
135009 2054
135079 2054
135156 2122
135226 2154
135296 2309
135366 2238
135436 2161
135506 2174
135576 2190
135646 2187
135716 2238
135786 2200
135856 2377
135926 2309
135996 2306
136066 2322
136136 2312
136206 2351
136276 2300
136346 2435
136416 2348
136486 2377
136556 2419
136626 2445
136696 2480
136766 2419
136836 2596
136906 2480
136976 2477
137046 2500
137116 2490
137186 2529
137256 2496
137326 2670
137396 2587
137466 2590
137536 2603
137606 2603
137676 2638
137746 2577
137816 2751
137886 2641
137956 2641
138026 2696
138096 2706
138173 2725
138246 2725
138316 2774
138386 2706
138456 2883
138526 2783
138596 2780
138666 2790
138736 2787
138806 2819
138876 2941
138946 2964
139016 2861
139086 2854
139156 2877
139226 2867
139296 2900
139366 2967
139436 3003
139506 2906
139576 2912
139646 2948
139716 2961
139786 2974
139856 2993
139926 3090
139996 2980
140066 2983
140136 3003
140206 2993
140276 3029
140346 3109
140416 3148
140486 3061
140556 3048
140626 3064
140696 3067
140766 3093
140836 3016
140906 3219
140976 3077
141046 3083
141116 3112
141182 3183
141252 3119
141322 3112
141392 3135
141462 3135
141532 3145
141602 3200
141672 3274
141742 3158
141812 3161
141882 3170
141952 3174
142022 3200
142092 3251
142162 3300
142232 3196
142302 3183
142372 3206
142442 3193
142512 3241
142582 3135
142652 3300
142722 3229
142792 3216
142862 3222
142932 3216
143002 3258
143072 3200
143142 3300
143212 3296
143282 3206
143352 3235
143422 3238
143492 3235
143562 3241
143632 3300
143702 3300
143772 3235
143842 3225
143912 3251
143982 3225
144052 3274
144130 3200
144202 3261
144272 3177
144342 3300
144412 3258
144482 3232
144552 3238
144622 3229
144692 3274
144762 3196
144832 3300
144902 3277
144972 3200
145042 3229
145112 3225
145182 3225
145252 3225
145322 3200
145392 3300
145462 3222
145532 3193
145602 3212
145672 3187
145742 3232
145812 3119
145882 3300
145952 3283
146022 3151
146092 3154
146162 3177
146232 3151
146302 3193
146372 3103
146442 3300
146512 3212
146582 3122
146652 3119
146722 3122
146797 3300
146869 3054
146939 3254
147009 3103
147079 3077
147157 3083
147229 3064
147299 3074
147369 3045
147439 3087
147509 2993
147579 3222
147649 3103
147719 3003
147789 3009
147859 3012
147929 2983
147999 3000
148069 3096
148139 3067
148209 2961
148279 2935
148349 2954
148419 2932
148489 2964
148559 2887
148629 3061
148699 2916
148769 2867
148839 2874
148909 2845
148979 2874
149049 2793
149119 3009
149189 2887
149259 2800
149329 2800
149399 2796
149469 2764
149539 2754
149609 2825
149679 2816
149749 2709
149819 2716
149889 2719
149959 2700
150029 2703
150099 2645
150165 2632
150236 2629
150306 2645
150376 2658
150446 2719
150516 2600
150586 2570
150656 2567
150726 2529
150796 2554
150866 2448
150936 2609
151006 2525
151076 2500
151146 2490
151216 2464
151286 2480
151356 2406
151426 2538
151496 2422
151566 2341
151636 2341
151706 2348
151776 2351
151846 2358
151916 2380
151986 2403
152056 2283
152126 2261
152196 2251
152266 2216
152336 2225
152406 2141
152476 2306
152546 2232
152616 2190
152686 2167
152756 2145
152826 2112
152896 2103
152966 2219
153036 2112
153113 2025
153186 2061
153256 1990
153326 2000
153396 2000
153466 1996
153536 1983
153606 2000
153676 2016
153746 1909
153816 1874
153886 1858
153956 1829
154026 1851
154096 1796
154166 1912
154236 1838
154306 1806
154376 1780
154446 1741
154516 1729
154586 1654
154656 1735
154726 1661
154796 1651
154866 1661
154936 1651
155006 1664
155076 1596
155146 1654
155216 1580
155286 1532
155356 1509
155426 1496
155496 1500
155566 1451
155636 1545
155706 1477
155776 1464
155846 1445
155916 1406
155986 1390
156056 1345
156133 1367
156206 1400
156276 1335
156346 1287
156416 1293
156486 1287
156556 1300
156626 1267
156696 1329
156766 1248
156836 1177
156906 1148
156976 1148
157046 1141
157116 1135
157186 1219
157256 1158
157326 1103
157396 1103
157466 1070
157536 1041
157606 1009
157676 1016
157746 1016
157816 970
157886 964
157956 964
158026 945
158096 948
158166 922
158236 929
158306 867
158376 841
158446 838
158516 835
158586 825
158656 793
158726 832
158796 790
158866 787
158936 770
159006 735
159076 709
159146 719
159223 719
159296 719
159366 683
159436 654
159506 648
159576 641
159646 632
159716 629
159786 596
159856 606
159926 551
159996 545
160066 541
160136 529
160210 548
160282 541
160352 509
160422 480
160492 458
160562 445
160632 445
160702 422
160772 445
160842 416
160911 412
160982 403
161052 390
161121 377
161192 335
161261 354
161332 332
161401 329
161472 325
161542 312
161612 306
161681 296
161752 309
161822 290
161892 264
161962 248
162032 241
162102 238
162172 225
162242 232
162312 212
162381 206
162451 200
162530 200
162602 187
162672 177
162742 177
162812 148
162882 158
162952 141
163022 132
163092 129
163162 125
163232 119
163302 112
163372 103
163442 103
163512 87
163582 83
163652 77
163722 74
163792 74
163862 61
163932 61
164002 51
164072 51
164142 48
164212 41
164282 35
164352 25
164422 29
164492 22
164562 22
164632 22
164702 19
164772 12
164842 6
164912 6
164982 3
165052 6
165122 3
165192 0
165262 0
165332 0
165402 0
165472 0
165542 0
165612 0
165682 0
165752 0
165822 0
165892 22
165962 0
166032 0
166110 0
166182 0
166252 0
166322 0
166392 0
166462 0
166532 22
166602 0
166672 0
166742 0
166812 0
166882 0
166952 0
167022 35
167092 0
167162 0
167232 12
167302 16
167372 16
167442 12
167512 16
167582 25
167652 25
167722 29
167792 38
167862 41
167932 41
168002 45
168072 54
168142 51
168212 61
168282 64
168352 70
168422 80
168492 80
168562 93
168632 93
168702 103
168772 109
168842 106
168912 116
168982 116
169052 164
169122 138
169192 145
169262 154
169332 164
169402 170
169472 180
169542 203
169612 187
169690 193
169762 203
169832 206
169902 219
169972 229
170042 238
170112 254
170182 258
170252 287
170322 287
170392 300
170462 287
170532 293
170602 312
170672 312
170742 351
170812 348
170882 358
170952 370
171022 387
171092 403
171162 403
171232 435
171302 412
171372 412
171442 432
171512 451
171582 477
171652 483
171722 496
171792 541
171862 532
171932 525
172002 519
172072 529
172142 551
172212 541
172282 606
172352 600
172422 616
172492 635
172562 651
172632 664
172702 625
172772 696
172842 683
172912 693
172990 725
173062 722
173132 748
173202 764
173272 793
173342 787
173412 870
173482 838
173557 832
173629 835
173699 870
173769 861
173839 951
173909 941
173979 938
174049 932
174119 932
174189 935
174259 948
174329 1054
174399 1019
174469 1009
174539 1041
174609 1067
174679 1093
174749 1096
174819 1106
174889 1132
174959 1093
175029 1116
175099 1148
175169 1167
175239 1206
175309 1193
175379 1296
175449 1277
175519 1264
175589 1267
175659 1258
175729 1261
175799 1258
175869 1374
175939 1345
176009 1364
176087 1409
176159 1409
176229 1441
176299 1445
176369 1458
176439 1509
176509 1496
176579 1454
176649 1487
176719 1516
176789 1551
176859 1580
176929 1600
176999 1696
177069 1619
177139 1625
177209 1638
177279 1629
177349 1641
177419 1719
177489 1751
177559 1719
177629 1758
177699 1787
177769 1790
177839 1809
177909 1767
177979 1890
178049 1822
178119 1809
178189 1851
178259 1870
178329 1935
178399 1903
178469 2074
178539 1993
178609 1967
178679 1970
178749 1980
178819 2006
178889 1990
178959 2148
179029 2132
179107 2087
179179 2180
179249 2135
179319 2135
179389 2151
179459 2154
179529 2170
179599 2303
179669 2238
179739 2180
179809 2219
179879 2254
179949 2274
180019 2322
180089 2245
180159 2409
180229 2325
180299 2325
180369 2338
180439 2335
180509 2374
180579 2348
180649 2558
180719 2487
180789 2441
180859 2464
180929 2458
180999 2506
181069 2438
181139 2635
181209 2545
181279 2500
181349 2535
181419 2580
181489 2580
181559 2596
181629 2787
181699 2703
181769 2603
181839 2622
181909 2635
181979 2635
182049 2677
182115 2687
182186 2696
182256 2700
182326 2738
182396 2677
182466 2854
182536 2767
182606 2774
182676 2796
182746 2783
182816 2835
182886 2751
182956 2938
183026 2867
183096 2832
183166 2841
183236 2845
183306 2919
183376 2861
183446 3074
183516 2996
183586 2896
183656 2925
183726 2935
183796 2945
183865 2912
183935 3138
184006 3083
184076 2990
184146 2990
184216 3012
184286 2996
184356 3054
184426 2958
184496 3196
184566 3093
184636 3016
184706 3041
184776 3074
184846 3077
184916 3100
184986 3300
185062 3161
185132 3087
185202 3106
185272 3093
185342 3145
185412 3061
185481 3229
185552 3167
185622 3138
185692 3151
185762 3145
185832 3190
185901 3112
185971 3300
186042 3267
186112 3174
186182 3180
186252 3187
186322 3187
186392 3222
186462 3200
186532 3300
186602 3235
186672 3193
186741 3216
186812 3212
186881 3261
186957 3235
187029 3287
187099 3206
187169 3225
187239 3235
187309 3232
187379 3248
187449 3296
187518 3300
187589 3261
187659 3225
187729 3245
187799 3222
187869 3270
187939 3180
188009 3300
188087 3277
188159 3300
188229 3300
188299 3235
188369 3225
188439 3245
188509 3225
188579 3264
188649 3170
188719 3300
188789 3264
188859 3232
188929 3232
188999 3219
189069 3261
189139 3206
189209 3300
189279 3270
189349 3190
189419 3212
189489 3212
189559 3225
189629 3212
189699 3283
189769 3300
189839 3190
189909 3180
189979 3196
190049 3167
190119 3209
190189 3106
190259 3300
190329 3203
190399 3148
190469 3148
190539 3141
190609 3180
190679 3116
190749 3300
190819 3222
190889 3093
190959 3109
191029 3103
191095 3145
191166 3119
191236 3080
191306 3077
191376 3058
191446 3080
191516 3012
191586 3216
191656 3067
191726 3032
191796 3038
191866 3009
191936 3048
192006 2951
192076 3151
192146 3016
192216 2951
192286 2954
192356 2951
192426 2929
192496 2961
192566 3006
192636 3035
192706 2922
192776 2893
192846 2887
192916 2867
192986 2887
193056 2803
193126 2974
193196 2883
193266 2825
193336 2825
193406 2809
193476 2806
193546 2774
193616 2825
193686 2841
193756 2732
193826 2700
193896 2716
193966 2712
194043 2716
194116 2696
194186 2706
194256 2632
194326 2774
194396 2654
194466 2616
194536 2606
194606 2577
194676 2590
194746 2535
194816 2722
194886 2590
194956 2541
195026 2532
195096 2493
195166 2500
195236 2400
195306 2538
195376 2441
195446 2409
195516 2416
195586 2422
195656 2445
195726 2338
195796 2516
195866 2377
195936 2319
196006 2309
196076 2283
196146 2283
196216 2241
196286 2416
196356 2354
196426 2258
196496 2222
196566 2206
196636 2167
196706 2180
196776 2077
196846 2203
196916 2122
196986 2090
197063 2116
197136 2074
197206 2077
197276 2064
197346 2064
197416 1980
197486 2093
197556 1990
197626 1935
197696 1919
197766 1906
197836 1935
197906 1877
197976 2022
198046 1945
198116 1854
198186 1838
198256 1819
198326 1787
198396 1761
198466 1848
198536 1800
198606 1735
198676 1729
198746 1729
198816 1709
198886 1709
198956 1635
199026 1725
199096 1616
199166 1567
199236 1570
199306 1561
199376 1587
199446 1532
199516 1651
199586 1580
199656 1500
199726 1474
199796 1448
199866 1412
199936 1406
200006 1464
200071 1406
200142 1383
200212 1351
200282 1387
200357 1348
200429 1316
200499 1316
200569 1300
200639 1293
200709 1261
200779 1274
200849 1196
200919 1177
200989 1177
201059 1167
201129 1174
201199 1135
201269 1200
201339 1141
201409 1112
201479 1083
201549 1045
201619 1032
201689 993
201759 1064
201829 1019
201899 983
201969 977
202039 977
202109 970
202179 945
202249 977
202319 893
202389 858
202459 854
202529 851
202599 841
202669 845
202739 812
202809 874
202879 829
202949 780
203019 745
203089 719
203167 729
203239 693
203309 700
203379 667
203449 716
203519 680
203589 651
203659 648
203729 645
203799 616
203869 583
203939 616
204009 580
204079 548
204149 541
204219 532
204289 525
204359 519
204429 490
204499 532
204569 480
204639 454
204709 445
204779 435
204849 429
204919 416
204989 461
205059 419
205129 393
205199 387
205269 380
205339 345
205409 335
205479 338
205549 329
205619 309
205689 300
205759 296
205829 287
205899 283
205969 267
206039 277
206109 238
206179 235
206249 232
206319 219
206396 219
206466 219
206536 200
206606 183
206676 177
206746 174
206816 167
206886 148
206956 154
207026 141
207096 141
207166 135
207236 129
207306 125
207376 106
207446 106
207516 96
207586 87
207656 87
207726 87
207796 80
207866 77
207936 61
208005 64
208076 58
208146 54
208216 48
208286 45
208356 45
208426 32
208496 74
208566 25
208636 19
208706 22
208776 22
208846 12
208916 6
208986 3
209056 3
209126 3
209196 3
209266 0
209336 0
209406 0
209476 0
209546 0
209616 0
209686 0
209756 0
209826 0
209896 0
209997 0
210077 0
210157 0
210237 0
210317 0
210397 0
210477 0
210557 9
210637 0
210717 0
210797 0
210877 0
210957 0
211037 0
211117 35
211197 0
211277 3
211357 3
211437 6
211517 6
211597 6
211677 12
211757 12
211837 16
211917 22
211997 25
212077 29
212157 32
212237 38
212317 41
212397 51
212477 58
212557 58
212637 64
212717 67
212797 74
212877 80
212957 77
213037 90
213117 93
213197 100
213277 103
213357 109
213437 116
213517 129
213597 122
213677 138
213757 138
213837 148
213917 158
213997 158
214077 170
214165 203
214243 203
214329 200
214407 212
214487 222
214567 238
214647 229
214727 245
214807 254
214887 261
214967 267
215047 274
215127 296
215207 319
215287 300
215367 319
215447 325
215527 332
215607 335
215687 345
215767 367
215847 409
215927 374
216007 390
216087 393
216167 403
216247 412
216327 425
216407 467
216487 458
216567 503
216647 503
216727 512
216807 522
216887 529
216967 558
217047 616
217127 561
217207 587
217287 587
217367 600
217447 609
217527 619
217607 654
217687 706
217767 654
217847 670
217935 687
218013 703
218093 709
218173 716
218253 758
218333 809
218413 758
218493 787
218573 787
218653 800
218733 809
218813 825
218893 851
218973 912
219053 864
219133 893
219213 919
219293 929
219373 948
219453 974
219533 1038
219613 1003
219693 1038
219773 1038
219853 1048
219933 1064
220013 1077
220093 1125
220173 1170
220253 1106
220333 1148
220413 1141
220493 1158
220573 1158
220653 1167
220733 1219
220813 1277
220893 1212
220973 1225
221053 1238
221133 1251
221213 1267
221293 1309
221373 1390
221461 1303
221540 1293
221620 1351
221700 1358
221780 1396
221860 1406
221940 1425
222020 1503
222100 1561
222180 1490
222260 1529
222340 1525
222420 1564
222500 1570
222580 1596
222660 1677
222740 1751
222820 1635
222900 1674
222980 1667
223060 1687
223140 1683
223220 1703
223300 1777
223380 1832
223460 1732
223540 1745
223620 1761
223700 1767
223780 1780
223860 1812
223940 1925
224020 1819
224100 1883
224180 1883
224260 1909
224340 1922
224420 1951
224500 2045
224580 2129
224660 2003
224740 2022
224820 2045
224908 2048
224987 2061
225067 2067
225147 2112
225227 2261
225307 2093
225387 2174
225467 2164
225547 2190
225627 2206
225707 2209
225787 2303
225867 2341
225947 2245
226027 2287
226107 2267
226187 2280
226267 2258
226347 2303
226427 2416
226507 2312
226587 2370
226667 2351
226747 2380
226827 2387
226907 2400
226987 2509
227067 2432
227147 2432
227227 2470
227307 2480
227387 2512
227467 2509
227547 2593
227627 2670
227707 2548
227787 2616
227867 2596
227947 2616
228027 2622
228107 2648
228187 2729
228267 2838
228355 2651
228433 2629
228513 2735
228593 2703
228673 2735
228753 2735
228833 2725
228913 2825
228993 2932
229073 2745
229153 2764
229233 2777
229313 2787
229393 2777
229473 2900
229559 2832
229637 2848
229717 2851
229797 2903
229877 3041
229957 2851
230037 2925
230117 2919
230197 2932
230277 2929
230357 2941
230437 3041
230517 2887
230597 2961
230677 2967
230757 2983
230837 2974
230917 2974
230997 3093
231077 3196
231157 3016
231237 3064
231317 3025
231397 3054
231477 3045
231557 3100
231637 3248
231725 3232
231803 3296
231883 3090
231963 3109
232043 3112
232123 3103
232203 3093
232283 3241
232363 3300
232443 3106
232523 3183
232603 3145
232683 3154
232763 3148
232843 3164
232923 3293
233003 3135
233083 3206
233163 3170
233243 3183
233323 3183
233403 3187
233483 3283
233563 3300
233643 3216
233723 3238
233803 3216
233883 3212
233963 3216
234043 3248
234123 3300
234203 3170
234283 3251
234363 3216
234443 3235
234523 3222
234603 3229
234683 3300
234763 3300
234843 3219
234923 3274
235003 3229
235083 3241
235171 3225
235250 3232
235330 3241
235410 3300
235490 3174
235570 3274
235650 3229
235730 3245
235810 3225
235890 3216
235970 3300
236050 3300
236130 3203
236210 3261
236290 3225
236370 3232
236450 3216
236530 3235
236610 3300
236690 3180
236770 3229
236850 3206
236930 3212
237009 3212
237090 3177
237169 3241
237247 3187
237327 3167
237407 3274
237487 3300
237567 3138
237647 3216
237727 3164
237807 3174
237887 3151
237967 3164
238047 3274
238127 3264
238207 3145
238287 3132
238367 3132
238447 3122
238527 3093
238615 3180
238693 3174
238773 3293
238853 3064
238933 3125
239013 3067
239093 3087
239173 3058
239253 3038
239333 3219
239413 2996
239493 3067
239573 3025
239653 3025
239733 3009
239813 2970
239893 3080
239973 3174
240053 2970
240133 2983
240213 2938
240293 2938
240373 2916
240453 2977
240533 3064
240613 2874
240693 2929
240773 2874
240853 2880
240933 2858
241012 2848
241093 2990
241173 2941
241252 2812
241330 2954
241410 2745
241490 2819
241570 2758
241650 2777
241730 2751
241810 2732
241890 2858
241978 2896
242057 2890
242137 2683
242217 2703
242297 2670
242377 2658
242457 2638
242537 2712
242617 2796
242697 2590
242777 2641
242857 2590
242937 2593
243017 2567
243097 2564
243177 2667
243257 2487
243337 2512
243417 2474
243497 2458
243577 2448
243657 2403
243737 2487
243817 2548
243897 2380
243977 2380
244057 2364
244137 2348
244217 2338
244297 2370
244377 2454
244457 2280
244537 2316
244617 2270
244697 2274
244777 2245
244861 2203
244940 2200
245020 2187
245100 2158
245180 2125
245260 2183
245340 2222
245428 2087
245507 2090
245587 2083
245667 2054
245747 2029
245827 2009
245907 2032
245987 2106
246067 1958
246147 1977
246227 1948
246307 1948
246387 1929
246467 1919
246547 1970
246627 2012
246707 1864
246787 1887
246867 1864
246947 1845
247027 1825
247107 1835
247187 1919
247267 1761
247347 1774
247427 1738
247507 1716
247587 1680
247667 1670
247747 1703
247827 1741
247907 1600
247987 1593
248067 1570
248147 1545
248227 1525
248307 1525
248387 1583
248467 1451
248547 1500
248627 1474
248707 1461
248787 1445
248875 1403
248953 1377
249033 1416
249113 1467
249193 1335
249273 1358
249353 1332
249433 1316
249513 1316
249593 1316
249673 1361
249753 1264
249833 1280
249913 1238
249993 1232
250073 1200
250153 1193
250233 1203
250313 1235
250393 1129
250473 1129
250553 1093
250633 1077
250713 1054
250793 1038
250873 1061
250953 974
251033 987
251113 967
251193 958
251273 932
251353 912
251433 922
251513 948
251593 896
251673 906
251753 890
251833 883
251913 867
251993 851
252073 877
252153 822
252233 812
252313 783
252401 780
252480 774
252560 754
252640 738
252720 748
252800 770
252880 687
252960 674
253040 654
253120 632
253200 622
253280 609
253360 622
253440 564
253520 570
253600 548
253680 545
253760 529
253840 516
253920 522
254000 477
254080 474
254160 467
254240 458
254320 454
254400 435
254480 438
254560 458
254640 419
254720 419
254800 400
254880 387
254960 370
255040 361
255120 367
255200 325
255280 332
255360 319
255440 309
255520 296
255600 280
255680 287
255760 306
255840 254
255920 251
256000 238
256088 232
256167 222
256247 216
256327 200
256407 206
256487 203
256567 180
256647 174
256727 164
256807 161
256887 148
256967 148
257047 177
257127 122
257207 132
257287 116
257367 116
257447 109
257527 103
257607 103
257687 90
257767 93
257847 77
257927 74
258007 67
258087 58
258167 58
258247 45
258327 48
258407 48
258487 38
258567 35
258647 32
258727 29
258807 19
258887 19
258967 22
259047 19
259127 12
259207 6
259287 3
259367 3
259447 3
259527 0
259607 0
259687 0
259767 0
259847 0
259927 0
260007 0
260087 0
260168 0
260247 0
260327 0
260407 0
260487 0
260567 0
260647 0
260726 0
260803 0
260883 0
260963 0
261043 0
261123 0
261203 0
261283 0
261363 0
261443 0
261523 0
261603 3
261683 3
261763 6
261843 0
261923 9
262003 9
262083 12
262163 19
262243 25
262323 25
262403 25
262483 25
262563 41
262643 35
262723 54
262803 54
262883 58
262963 70
263043 64
263123 70
263203 70
263283 83
263363 87
263443 93
263523 100
263603 103
263683 116
263763 103
263843 122
263923 129
264003 138
264083 138
264163 145
264243 154
264331 170
264410 180
264490 174
264570 190
264650 190
264730 200
264810 206
264890 209
264970 229
265050 222
265130 235
265210 241
265290 254
265370 264
265450 274
265530 303
265610 325
265690 322
265770 335
265850 338
265930 351
266010 361
266090 370
266170 393
266250 380
266330 403
266410 406
266490 419
266570 429
266650 432
266730 461
266810 441
266890 464
266970 474
267050 487
267130 496
267210 503
267290 532
267370 590
267450 535
267530 554
267610 570
267690 587
267770 606
267850 645
267930 680
268010 658
268098 661
268177 664
268257 674
268337 696
268417 719
268497 738
268577 787
268657 751
268737 787
268817 787
268897 806
268977 819
269057 829
269137 877
269217 925
269297 870
269377 890
269457 890
269537 903
269617 906
269697 948
269777 996
269857 945
269937 970
270017 970
270097 990
270177 1000
270257 1009
270337 1083
270417 1025
270497 1083
270577 1093
270657 1129
270737 1138
270817 1161
270897 1232
270977 1235
271057 1225
271137 1235
271217 1251
271297 1261
271377 1264
271457 1319
271537 1390
271617 1309
271705 1354
271783 1380
271863 1370
271943 1390
272023 1393
272103 1412
272183 1493
272263 1412
272343 1461
272423 1454
272503 1467
272583 1480
272663 1480
272743 1541
272823 1625
272903 1522
272983 1551
273063 1580
273143 1596
273223 1619
273303 1700
273383 1780
273463 1641
273543 1722
273623 1722
273703 1748
273783 1758
273863 1809
273943 1870
274023 1954
274103 1832
274183 1851
274263 1858
274343 1877
274423 1877
274503 1900
274583 2006
274663 1896
274743 1945
274823 1929
274903 1948
274983 1954
275071 1977
275150 2003
275230 2100
275310 2167
275390 2029
275476 2209
275553 2129
275633 2238
275713 2119
275793 2187
275873 2170
275953 2200
276033 2203
276113 2235
276193 2345
276273 2374
276353 2261
276433 2296
276513 2274
276593 2287
276673 2287
276753 2322
276833 2458
276913 2287
276993 2370
277073 2354
277153 2380
277233 2400
277313 2458
277393 2538
277473 2409
277553 2470
277633 2477
277713 2503
277793 2503
277873 2512
277953 2622
278033 2716
278113 2554
278193 2609
278273 2600
278353 2616
278433 2616
278521 2648
278600 2651
278680 2809
278760 2619
278840 2719
278920 2687
279000 2722
279080 2719
279160 2732
279240 2848
279320 2903
279400 2741
279480 2767
279560 2774
279640 2787
279720 2780
279800 2835
279880 2970
279960 2809
280040 2874
280120 2845
280200 2867
280280 2874
280360 2883
280440 3009
280520 3025
280600 2948
280680 2919
280760 2954
280840 2941
280920 2951
281000 3067
281080 3174
281160 3009
281240 3025
281320 3003
281400 3016
281480 3009
281560 3051
281640 3196
281720 2996
281800 3058
281880 3048
281968 3058
282047 3087
282127 3074
282207 3122
282287 3196
282367 3277
282447 3116
282527 3148
282607 3106
282687 3129
282767 3116
282847 3161
282927 3300
283007 3106
283087 3190
283167 3158
283247 3158
283327 3164
283407 3170
283487 3300
283567 3161
283647 3206
283727 3183
283807 3206
283887 3187
283967 3177
284047 3300
284127 3300
284207 3206
284287 3235
284367 3209
284447 3222
284527 3209
284607 3241
284687 3300
284767 3170
284847 3264
284927 3229
285007 3229
285087 3229
285167 3232
285247 3300
285335 3290
285413 3300
285493 3248
285573 3267
285653 3232
285733 3238
285813 3225
285893 3258
285973 3300
286053 3212
286133 3241
286213 3232
286293 3238
286373 3232
286453 3287
286533 3300
286613 3170
286693 3270
286773 3212
286853 3235
286933 3212
287013 3216
287093 3300
287173 3296
287253 3203
287333 3235
287413 3200
287493 3200
287573 3170
287653 3274
287733 3300
287813 3167
287893 3212
287973 3174
288053 3174
288133 3164
288213 3229
288293 3300
288373 3090
288453 3183
288533 3132
288613 3148
288693 3119
288781 3106
288860 3138
288940 3203
289020 3300
289100 3090
289180 3080
289260 3093
289340 3074
289420 3061
289500 3138
289580 3248
289660 3025
289740 3080
289820 3035
289900 3041
289980 3016
290060 3064
290140 3164
290220 2935
290300 3006
290380 2961
290460 2958
290540 2948
290620 2964
290706 2945
290783 2932
290863 2922
290943 2925
291023 2996
291103 3019
291183 2909
291263 2909
291343 2874
291423 2845
291503 2829
291583 2870
291663 2961
291743 2748
291823 2819
291903 2767
291983 2767
292063 2741
292143 2735
292231 2780
292310 2783
292390 2870
292469 2635
292547 2783
292627 2858
292707 2667
292787 2696
292867 2648
292947 2641
293027 2606
293107 2638
293187 2725
293267 2509
293347 2567
293427 2519
293506 2516
293587 2503
293667 2500
293747 2554
293827 2435
293907 2470
293987 2464
294067 2448
294147 2422
294227 2400
294307 2474
294387 2525
294466 2361
294543 2358
294623 2467
294703 2300
294783 2329
294863 2287
294943 2277
295023 2264
295103 2274
295183 2361
295263 2190
295343 2248
295423 2196
295503 2200
295591 2164
295670 2151
295750 2122
295830 2180
295910 2270
295990 2100
296070 2106
296150 2083
296230 2061
296310 2029
296390 2080
296470 2122
296550 1958
296630 1983
296710 1935
296790 1916
296870 1883
296950 1877
297030 1941
297110 1793
297190 1829
297270 1796
297350 1793
297430 1774
297510 1751
297590 1819
297670 1867
297750 1722
297830 1722
297910 1706
297990 1693
298070 1677
298150 1683
298230 1758
298310 1625
298390 1654
298470 1603
298550 1593
298630 1561
298710 1545
298790 1590
298870 1503
298950 1493
299038 1480
299117 1464
299197 1451
299277 1419
299357 1403
299437 1438
299517 1441
299597 1335
299677 1348
299757 1309
299837 1290
299917 1267
299997 1254
300077 1300
