# data format:
# time voltage
# (msecs) (mvolts)
479 16
551 9
621 3
691 9
761 19
831 29
901 45
971 58
1041 67
1111 83
1181 90
1251 116
1321 112
1391 122
1461 141
1531 154
1601 174
1671 180
1741 206
1811 212
1881 229
1951 245
2021 254
2091 254
2161 261
2231 293
2301 296
2371 303
2441 322
2511 338
2581 358
2651 367
2721 435
2791 396
2861 383
2931 403
3001 419
3071 438
3141 448
3211 496
3281 496
3351 496
3421 519
3491 529
3561 529
3631 519
3701 590
3771 567
3841 567
3911 590
3981 609
4051 632
4121 645
4191 712
4258 651
4328 674
4398 683
4468 751
4538 738
4608 735
4678 754
4748 745
4818 745
4888 745
4958 812
5028 806
5098 800
5168 825
5238 845
5308 874
5378 883
5448 945
5518 900
5588 867
5658 890
5728 912
5798 945
5868 948
5938 1032
6008 1022
6078 1009
6148 1025
6218 1019
6288 1025
6358 1003
6428 1090
6498 1067
6568 1064
6638 1093
6708 1116
6778 1151
6848 1151
6918 1225
6988 1183
7058 1151
7128 1154
7198 1174
7268 1212
7338 1209
7408 1319
7478 1290
7548 1277
7618 1296
7688 1293
7758 1303
7828 1274
7898 1361
7968 1338
8046 1354
8115 1390
8185 1409
8255 1364
8325 1458
8395 1400
8465 1393
8535 1419
8605 1441
8675 1487
8745 1480
8815 1606
8885 1554
8955 1522
9025 1532
9095 1525
9165 1545
9235 1509
9305 1632
9375 1616
9445 1609
9515 1635
9585 1661
9655 1677
9725 1664
9795 1774
9865 1703
9935 1648
10005 1677
10075 1706
10145 1754
10215 1758
10285 1903
10355 1858
10425 1793
10495 1803
10565 1806
10635 1812
10705 1806
10775 1945
10845 1912
10915 1870
10985 1903
11055 1935
11125 1932
11195 1954
11265 1896
11335 2045
11405 1958
11482 1961
11551 2006
11621 2058
11691 2009
11761 2164
11831 2064
11901 2041
11971 2058
12041 2048
12111 2100
12181 2067
12251 2232
12321 2193
12391 2167
12467 2161
12538 2180
12608 2135
12678 2267
12748 2229
12818 2229
12888 2264
12958 2264
13028 2300
13098 2248
13168 2406
13238 2306
13308 2290
13378 2306
13448 2312
13518 2377
13588 2335
13658 2532
13729 2467
13799 2400
13869 2419
13939 2429
14008 2458
14078 2403
14148 2570
14218 2493
14288 2493
14358 2535
14428 2525
14498 2564
14568 2490
14638 2677
14708 2600
14786 2561
14855 2593
14925 2658
14995 2577
15065 2758
15135 2670
15205 2658
15275 2670
15345 2670
15415 2716
15485 2651
15555 2861
15625 2774
15695 2754
15765 2780
15835 2770
15905 2822
15975 2758
16045 2929
16115 2835
16185 2822
16255 2838
16325 2867
16395 2925
16465 2858
16535 3061
16605 2958
16675 2922
16745 2945
16815 2941
16885 3000
16955 2935
17025 3125
17095 3045
17165 3022
17235 3035
17305 3038
17375 3093
17445 3029
17515 3254
17585 3125
17655 3096
17725 3119
17795 3122
17865 3190
17935 3122
18012 3300
18081 3174
18151 3203
18221 3196
18291 3258
18361 3164
18431 3300
18501 3293
18571 3241
18641 3238
18711 3219
18781 3245
18851 3161
18921 3300
18991 3232
19061 3148
19131 3161
19201 3132
19271 3164
19341 3064
19411 3248
19481 3138
19551 3070
19621 3058
19691 3038
19761 3064
19831 2977
19901 3183
19971 3029
20041 2983
20111 2983
20181 2948
20251 2974
20321 2880
20391 3038
20461 2929
20531 2877
20601 2880
20671 2877
20741 2900
20811 2806
20881 2990
20951 2854
21021 2796
21091 2793
21161 2761
21231 2787
21309 2954
21378 2754
21448 2725
21518 2725
21588 2687
21658 2712
21728 2609
21798 2767
21868 2677
21938 2641
22008 2648
22078 2622
22148 2638
22218 2554
22288 2712
22358 2593
22428 2525
22498 2519
22568 2496
22638 2519
22708 2509
22778 2661
22848 2596
22918 2474
22988 2445
23058 2438
23128 2406
23198 2422
23268 2345
23338 2493
23408 2429
23478 2358
23548 2361
23618 2348
23688 2325
23758 2306
23828 2303
23898 2364
23968 2267
24038 2222
24108 2229
24178 2232
24248 2270
24318 2196
24388 2332
24458 2225
24536 2141
24605 2125
24675 2141
24745 2135
24815 2283
24885 2183
24955 2103
25025 2080
25095 2064
25165 2032
25235 2035
25305 1961
25375 2100
25445 2032
25515 1977
25585 1996
25655 1980
25725 1967
25800 1903
25871 1919
25941 1870
26011 1890
26081 1893
26151 1903
26221 1893
26291 1974
26361 1925
26431 1819
26501 1783
26571 1767
26641 1751
26711 1777
26781 1745
26851 1861
26921 1806
26991 1729
27061 1709
27131 1690
27201 1664
27271 1638
27341 1732
27411 1664
27481 1612
27551 1612
27621 1616
27691 1612
27761 1612
27839 1519
27908 1529
27978 1509
28048 1512
28118 1512
28188 1525
28258 1509
28328 1593
28398 1503
28468 1432
28538 1412
28608 1387
28678 1383
28748 1387
28818 1358
28888 1448
28958 1390
29028 1370
29098 1351
29168 1316
29238 1306
29308 1258
29378 1319
29448 1277
29518 1232
29588 1235
29658 1238
29728 1235
29798 1235
29868 1251
29938 1225
30008 1158
30078 1119
30148 1119
30218 1112
30288 1122
30358 1100
30428 1170
30498 1122
30568 1083
30638 1058
30708 1029
30778 996
30848 987
30918 990
30988 1022
31058 983
31136 974
31205 954
31275 932
31345 890
31415 941
31485 903
31555 870
31625 864
31695 861
31765 851
31835 858
31905 832
31975 851
32045 787
32115 748
32185 751
32255 745
32325 741
32395 732
32465 767
32535 745
32605 709
32675 690
32745 658
32815 625
32885 629
32955 606
33025 632
33095 609
33165 590
33235 580
33305 570
33375 570
33445 532
33515 548
33585 509
33655 483
33725 474
33795 467
33865 458
33935 458
34005 435
34075 454
34145 429
34215 387
34285 367
34355 358
34425 351
34495 338
34565 358
34635 332
34712 309
34781 290
34851 264
34921 261
34991 245
35061 251
35131 229
35201 209
35271 203
35341 190
35411 177
35481 170
35551 138
35621 135
35691 119
35761 106
35831 96
35901 87
35971 70
36041 58
36111 41
36181 32
36251 19
36321 6
36391 6
36461 12
36531 22
36601 29
36671 41
36741 54
36811 67
36881 83
36951 100
37021 100
37091 112
37161 122
37231 145
37301 154
37371 167
37441 183
37511 196
37581 216
37651 225
37721 280
37791 241
37861 248
37931 264
38001 280
38071 296
38141 319
38211 322
38281 396
38351 364
38429 354
38498 367
38568 383
38638 396
38708 461
38778 445
38848 451
38918 464
38988 483
39058 483
39128 477
39203 503
39275 522
39345 532
39415 551
39485 567
39555 593
39625 580
39695 635
39765 603
39835 603
39905 622
39975 641
40045 658
40115 690
40185 690
40255 761
40325 741
40395 712
40465 709
40535 729
40605 748
40675 767
40745 822
40815 845
40885 829
40955 841
41025 867
41095 854
41165 861
41235 845
41305 925
41375 922
41445 909
41515 922
41585 948
41655 967
41725 1000
41795 990
41865 1054
41935 1025
42012 993
42081 1029
42151 1048
42221 1087
42291 1083
42361 1170
42431 1122
42501 1083
42571 1090
42641 1112
42711 1138
42781 1164
42851 1161
42921 1264
42991 1245
43061 1229
43131 1235
43201 1232
43271 1229
43341 1229
43411 1300
43481 1335
43551 1306
43621 1309
43691 1345
43761 1367
43831 1377
43901 1364
43971 1445
44041 1419
44111 1374
44181 1387
44251 1422
44321 1438
44391 1487
44461 1477
44531 1583
44601 1545
44671 1493
44741 1500
44811 1500
44881 1516
44951 1538
45021 1677
45091 1641
45161 1619
45231 1638
45298 1693
45368 1677
45438 1658
45508 1651
45578 1677
45648 1709
45718 1725
45788 1722
45858 1841
45928 1796
45998 1732
46068 1722
46138 1748
46208 1774
46278 1829
46348 1825
46418 1983
46488 1906
46558 1858
46628 1861
46698 1870
46768 1870
46838 1874
46908 1961
46978 2012
47048 1958
47118 1974
47188 1996
47258 1987
47328 2016
47398 1970
47468 2106
47538 2051
47608 1993
47678 2035
47748 2074
47818 2100
47888 2129
47958 2219
48028 2222
48098 2154
48168 2138
48238 2145
48308 2145
48378 2180
48448 2174
48526 2361
48595 2219
48665 2232
48735 2248
48805 2251
48875 2248
48945 2412
49015 2387
49085 2341
49155 2348
49225 2354
49295 2354
49365 2390
49435 2361
49505 2545
49575 2448
49645 2380
49715 2403
49785 2441
49855 2470
49925 2519
49995 2464
50065 2641
50135 2558
50205 2493
50275 2522
50345 2529
50415 2548
50485 2558
50555 2722
50625 2741
50695 2641
50765 2625
50835 2645
50905 2638
50975 2687
51045 2641
51115 2800
51185 2738
51255 2687
51325 2729
51395 2754
51465 2754
51535 2777
51605 2890
51675 2903
51745 2835
51822 2796
51891 2835
51961 2883
52031 2851
52101 3041
52171 2964
52241 2870
52311 2893
52381 2916
52451 2916
52521 2941
52597 2948
52668 2954
52738 2974
52808 3003
52878 2993
52948 3045
53018 2977
53088 3190
53158 3116
53228 3067
53298 3080
53368 3103
53438 3112
53508 3122
53578 3264
53648 3283
53718 3190
53788 3164
53858 3180
53928 3193
53998 3222
54068 3222
54138 3300
54208 3300
54278 3235
54348 3241
54418 3238
54488 3229
54558 3225
54628 3132
54698 3300
54768 3235
54838 3138
54908 3151
54978 3135
55056 3158
55125 3300
55195 3161
55265 3067
55335 3074
55405 3067
55475 3058
55545 3051
55615 3070
55685 3167
55755 3022
55825 2967
55895 2967
55965 2961
56035 2993
56105 2932
56175 3093
56245 2996
56315 2877
56385 2874
56455 2864
56525 2841
56595 2835
56665 2764
56735 2954
56805 2867
56875 2800
56945 2783
57015 2764
57085 2774
57155 2722
57225 2903
57295 2764
57365 2667
57435 2683
57505 2700
57575 2677
57645 2683
57715 2600
57785 2774
57855 2658
57925 2567
57995 2574
58065 2554
58135 2567
58205 2561
58275 2632
58352 2625
58421 2506
58491 2490
58561 2464
58631 2477
58701 2438
58771 2619
58841 2519
58911 2422
58981 2419
59051 2400
59121 2390
59191 2361
59261 2425
59331 2429
59401 2319
59471 2306
59541 2322
59611 2312
59681 2325
59751 2261
59821 2387
59891 2303
59961 2203
60031 2190
60101 2174
60171 2187
60241 2183
60311 2329
60381 2267
60451 2180
60521 2135
60591 2116
60661 2090
60731 2080
60801 2025
60871 2174
60941 2087
61011 2035
61081 2045
61151 2038
61221 2009
61291 2012
61361 1938
61431 2051
61501 1954
61579 1916
61648 1938
61718 1945
61788 1919
61858 2019
61928 1925
61998 1841
62068 1816
62138 1803
62208 1796
62278 1825
62348 1787
62418 1919
62488 1832
62558 1761
62628 1745
62698 1719
62768 1703
62838 1667
62908 1748
62978 1712
63048 1654
63118 1661
63188 1667
63258 1645
63328 1641
63398 1564
63468 1648
63538 1577
63608 1512
63678 1525
63748 1529
63818 1541
63888 1529
63958 1638
64028 1577
64098 1477
64168 1451
64238 1429
64308 1396
64378 1412
64448 1387
64518 1480
64588 1422
64658 1374
64728 1383
64798 1358
64876 1325
64945 1380
65015 1332
65085 1293
65156 1277
65226 1274
65296 1274
65366 1270
65436 1241
65506 1296
65576 1219
65646 1151
65716 1151
65786 1154
65856 1145
65926 1158
66000 1106
66072 1135
66142 1083
66212 1061
66282 1051
66352 1061
66422 1032
66492 1103
66562 1058
66632 1022
66702 1022
66772 996
66842 961
66912 938
66982 906
67052 970
67122 929
67192 896
67262 896
67332 893
67402 883
67472 883
67542 829
67612 861
67682 809
67752 780
67822 777
67892 777
67962 767
68032 770
68102 745
68172 796
68250 709
68322 777
68392 712
68462 658
68532 645
68602 638
68672 629
68742 629
68812 603
68882 645
68952 606
69022 583
69092 580
69162 548
69232 516
69302 506
69372 506
69442 506
69512 477
69582 470
69652 464
69722 451
69792 445
69862 419
69932 412
70002 387
70072 370
70142 361
70212 351
70282 345
70352 332
70422 309
70492 322
70562 303
70632 287
70702 254
70772 245
70842 235
70912 222
70982 219
71052 206
71122 187
71192 177
71262 167
71332 154
71402 135
71472 116
71542 109
71612 93
71682 80
71752 74
71822 61
71900 48
71972 32
72042 22
72112 6
72182 48
72252 9
72322 19
72392 32
72462 41
72532 54
72602 67
72672 77
72742 96
72812 109
72882 119
72952 138
73022 138
73092 151
73162 164
73232 167
73302 196
73372 206
73442 222
73512 238
73582 251
73652 277
73722 270
73792 290
73862 293
73932 300
74002 319
74072 335
74142 351
74212 370
74282 377
74352 425
74422 425
74492 400
74562 412
74632 429
74702 448
74772 464
74842 470
74912 516
74982 509
75052 529
75122 551
75192 548
75262 548
75332 535
75402 593
75472 596
75542 600
75608 606
75679 687
75749 641
75819 635
75889 654
75959 677
76029 693
76099 722
76169 716
76239 790
76309 787
76379 774
76449 761
76519 761
76589 777
76659 803
76729 822
76799 864
76869 858
76939 877
77009 900
77079 906
77149 912
77219 880
77289 951
77359 929
77429 938
77499 958
77569 980
77639 1003
77709 1025
77779 1106
77849 1090
77919 1041
77989 1032
78059 1045
78129 1058
78199 1093
78269 1074
78339 1180
78409 1167
78479 1170
78549 1180
78619 1180
78689 1174
78759 1174
78829 1254
78899 1238
78969 1219
79046 1274
79116 1274
79186 1274
79256 1261
79326 1322
79400 1325
79472 1332
79542 1354
79612 1387
79682 1348
79752 1441
79822 1403
79892 1370
79962 1387
80031 1412
80102 1441
80172 1467
80242 1451
80312 1583
80382 1535
80452 1516
80521 1506
80592 1512
80662 1509
80732 1532
80802 1512
80872 1651
80942 1629
81012 1625
81082 1648
81152 1641
81221 1658
81291 1625
81361 1738
81431 1680
81501 1670
81571 1696
81642 1725
81711 1754
81782 1793
81852 1741
81921 1880
81992 1812
82062 1770
82132 1790
82202 1793
82279 1864
82348 2003
82419 1941
82488 1877
82558 1887
82628 1893
82699 1893
82769 1903
82838 1912
82909 2051
82979 2003
83049 1996
83119 2016
83189 2016
83259 2038
83329 2025
83399 2119
83469 2112
83539 2029
83608 2061
83678 2103
83749 2119
83819 2164
83889 2116
83959 2261
84029 2203
84099 2164
84169 2170
84239 2174
84309 2196
84378 2209
84449 2406
84519 2345
84589 2277
84659 2287
84729 2296
84799 2293
84869 2329
84938 2280
85009 2451
85079 2364
85148 2345
85219 2390
85289 2412
85358 2438
85429 2441
85498 2477
85577 2545
85649 2406
85719 2625
85789 2532
85859 2470
85929 2477
85999 2506
86069 2545
86139 2587
86209 2525
86279 2722
86349 2619
86419 2587
86489 2606
86559 2612
86629 2638
86699 2625
86769 2825
86839 2787
86909 2693
86979 2700
87049 2725
87119 2712
87189 2738
87259 2716
87329 2851
87399 2774
87469 2767
87539 2809
87609 2822
87679 2861
87749 2803
87819 3035
87889 2929
87959 2851
88029 2883
88099 2896
88169 2900
88239 2945
88309 2900
88379 3132
88449 2996
88519 2974
88589 3000
88659 3003
88729 3054
88795 3029
88866 3045
88936 3064
89006 3080
89076 3093
89146 3148
89216 3222
89286 3122
89356 3122
89426 3151
89496 3148
89566 3196
89636 3129
89706 3300
89776 3267
89846 3219
89916 3229
89986 3254
90056 3238
90126 3251
90196 3232
90266 3300
90336 3212
90406 3196
90476 3193
90546 3167
90616 3193
90686 3093
90756 3300
90826 3154
90896 3090
90966 3103
91036 3093
91106 3096
91176 3064
91246 3225
91316 3141
91386 3009
91456 3000
91526 3000
91596 2964
91666 2990
91736 2906
91806 3067
91876 2970
91946 2922
92016 2909
92093 2883
92166 2883
92236 2870
92306 2858
92376 2822
92446 3006
92516 2893
92586 2832
92656 2803
92726 2793
92801 2700
92872 2677
92942 2861
93012 2758
93082 2700
93152 2709
93222 2709
93292 2690
93362 2677
93432 2774
93502 2719
93572 2609
93642 2596
93712 2583
93781 2580
93852 2600
93922 2554
93992 2738
94062 2651
94132 2529
94202 2516
94272 2500
94342 2480
94412 2487
94482 2403
94552 2529
94622 2432
94692 2435
94762 2432
94832 2396
94902 2409
94972 2325
95042 2480
95112 2361
95182 2290
95252 2290
95322 2303
95388 2338
95459 2280
95529 2251
95599 2245
95669 2209
95739 2235
95809 2170
95879 2325
95949 2261
96019 2190
96089 2174
96159 2158
96229 2125
96299 2119
96369 2067
96439 2145
96509 2077
96579 2077
96649 2080
96719 2074
96789 2064
96859 2012
96929 2145
96999 2048
97069 1958
97139 1935
97209 1938
97279 1948
97349 1961
97419 1919
97489 2058
97559 1938
97629 1877
97699 1864
97769 1835
97839 1825
97908 1793
97979 1896
98049 1864
98119 1803
98189 1803
98259 1793
98329 1754
98399 1754
98469 1670
98539 1774
98617 1700
98689 1748
98759 1696
98829 1638
98899 1641
98969 1654
99039 1645
99109 1654
99179 1580
99249 1667
99319 1596
99389 1532
99459 1512
99529 1519
99599 1516
99669 1519
99739 1600
99809 1567
99879 1506
99949 1470
100019 1441
100089 1409
100159 1400
100229 1361
100299 1464
100369 1403
100439 1367
100509 1370
100579 1370
100649 1348
100719 1335
100789 1267
100859 1332
100929 1270
100999 1235
101069 1241
101139 1241
101209 1241
101279 1238
101349 1251
101419 1264
101489 1174
101559 1148
101629 1122
101695 1190
101766 1161
101836 1138
101906 1112
101976 1080
102046 1054
102116 1032
102186 1103
102256 1058
102326 1012
102396 1012
102466 1009
102536 1000
102606 1000
102676 935
102746 980
102816 922
102886 896
102956 890
103026 890
103096 883
103166 883
103236 874
103306 900
103376 861
103446 819
103516 787
103586 770
103656 767
103726 754
103796 822
103866 764
103936 732
104006 729
104076 722
104146 700
104216 674
104286 629
104356 664
104426 629
104496 616
104566 609
104636 603
104706 600
104776 583
104846 635
104923 535
104996 564
105066 516
105136 490
105206 483
105276 477
105346 467
105416 461
105486 438
105556 461
105625 435
105696 422
105766 390
105836 367
105906 358
105976 348
106045 396
106115 335
106191 325
106262 312
106332 290
106401 267
106472 248
106542 258
106612 238
106681 222
106752 212
106822 203
106891 193
106962 177
107032 190
107102 145
107171 129
107241 119
107312 109
107382 96
107452 87
107522 70
107592 54
107662 45
107732 32
107802 25
107871 9
107942 6
108012 16
108082 19
108151 32
108222 41
108288 54
108359 64
108429 90
108499 93
108569 103
108638 119
108708 135
108779 145
108849 161
108918 174
108989 180
109059 193
109128 200
109199 216
109269 232
109339 245
109409 261
109479 277
109549 319
109619 319
109688 325
109758 316
109829 325
109899 338
109968 361
110038 370
110108 416
110178 412
110248 419
110318 438
110389 454
110459 464
110529 461
110599 458
110668 532
110738 506
110809 509
110879 525
110949 545
111019 561
111089 587
111158 590
111229 632
111299 600
111369 596
111439 619
111508 638
111575 696
111646 709
111716 693
111786 680
111856 690
111926 709
111996 725
112066 770
112136 783
112206 777
112276 803
112346 825
112416 829
112486 829
112556 800
112626 877
112696 861
112766 858
112836 883
112906 906
112976 925
113046 951
113116 954
113186 1000
113256 951
113326 951
113396 970
113466 987
113536 1022
113606 1012
113676 1109
113746 1090
113816 1100
113886 1096
113956 1100
114026 1093
114096 1083
114165 1177
114236 1161
114305 1145
114376 1170
114446 1196
114516 1219
114586 1248
114656 1212
114721 1232
114792 1245
114862 1280
114932 1287
115002 1416
115072 1354
115142 1316
115212 1312
115282 1316
115352 1322
115422 1354
115492 1351
115562 1458
115632 1419
115702 1432
115772 1458
115842 1441
115912 1467
115982 1422
116052 1529
116122 1493
116192 1470
116262 1506
116332 1538
116402 1554
116472 1603
116542 1574
116612 1661
116682 1603
116752 1587
116822 1587
116892 1606
116962 1638
117032 1654
117102 1809
117172 1758
117242 1716
117312 1722
117382 1719
117452 1722
117522 1741
117592 1683
117670 1838
117742 1725
117812 1887
117882 1816
117952 1825
118022 1870
118092 1874
118162 1896
118232 1870
118302 1987
118372 1932
118442 1877
118512 1896
118582 1935
118652 1951
118722 2009
118792 1977
118862 2116
118932 2045
119002 2016
119072 2019
119142 2029
119212 2022
119282 2058
119352 2051
119421 2164
119492 2154
119562 2138
119638 2132
119709 2151
119779 2083
119849 2261
119919 2216
119989 2203
120059 2232
120129 2241
120199 2258
120269 2251
120339 2409
120409 2306
120479 2261
120549 2267
120619 2296
120697 2351
120769 2329
120839 2361
120909 2390
120979 2374
121049 2561
121119 2448
121189 2425
121259 2419
121329 2429
121399 2441
121468 2438
121539 2441
121609 2612
121679 2519
121749 2522
121819 2545
121889 2532
121959 2561
122029 2509
122099 2670
122169 2600
122238 2606
122309 2635
122379 2648
122448 2670
122519 2674
122589 2609
122659 2793
122729 2719
122799 2696
122869 2709
122939 2719
123009 2751
123079 2770
123149 2967
123219 2874
123289 2806
123359 2812
123429 2829
123499 2832
123569 2874
123639 2812
123705 2883
123776 2887
123846 2935
123916 2874
123986 3093
124056 2993
124126 2919
124196 2958
124266 2990
124336 3000
124406 3006
124476 2980
124545 3122
124616 3045
124686 3048
124756 3077
124826 3067
124896 3125
124966 3061
125036 3290
125106 3196
125176 3141
125246 3158
125316 3177
125386 3190
125456 3196
125526 3300
125596 3300
125666 3235
125736 3245
125806 3251
125876 3235
125946 3261
126016 3177
126086 3300
126156 3270
126226 3164
126296 3170
126366 3158
126436 3151
126506 3154
126575 3287
126653 3267
126726 3054
126796 3287
126866 3145
126936 3035
127006 3045
127076 3032
127146 3029
127216 3016
127286 2967
127356 3132
127426 2996
127496 2954
127566 2958
127636 2922
127706 2948
127776 2851
127846 3038
127916 2932
127986 2838
128056 2858
128125 2848
128196 2835
128266 2845
128336 2751
128406 2906
128476 2812
128546 2754
128616 2741
128686 2729
128756 2712
128826 2732
128896 2812
128966 2783
129036 2683
129106 2664
129176 2651
129246 2635
129316 2641
129386 2564
129456 2729
129526 2609
129596 2570
129672 2574
129741 2567
129811 2487
129881 2638
129952 2545
130021 2477
130091 2493
130161 2490
130231 2480
130301 2441
130371 2580
130441 2506
130511 2393
130581 2370
130651 2364
130721 2345
130792 2374
130861 2351
130931 2506
131001 2412
131072 2306
131141 2290
131211 2280
131281 2248
131352 2245
131422 2161
131492 2319
131562 2254
131631 2219
131702 2212
131771 2193
131842 2170
131911 2154
131982 2109
132052 2196
132122 2116
132191 2074
132262 2077
132332 2080
132401 2100
132472 2087
132541 2135
132612 2116
132678 2022
132748 2022
132818 1967
132888 2112
132959 2041
133033 1916
133106 1916
133175 1903
133245 1893
133316 1867
133385 1980
133456 1912
133525 1877
133595 1861
133666 1832
133736 1825
133806 1783
133876 1861
133945 1806
134015 1741
134086 1748
134155 1761
134226 1745
134296 1748
134366 1696
134436 1793
134506 1706
134576 1632
134646 1612
134716 1619
134786 1629
134856 1619
134925 1735
134996 1670
135065 1590
135135 1567
135206 1545
135275 1509
135345 1503
135415 1464
135485 1570
135556 1516
135633 1483
135706 1516
135776 1467
135846 1451
135916 1448
135986 1419
136056 1396
136126 1361
136196 1416
136266 1361
136336 1316
136406 1319
136476 1322
136546 1316
136616 1329
136686 1283
136756 1348
136826 1277
136896 1206
136966 1200
137036 1196
137106 1203
137176 1193
137246 1209
137316 1232
137386 1174
137456 1154
137526 1132
137596 1093
137666 1077
137736 1041
137806 1112
137876 1077
137946 1041
138016 1041
138086 1038
138156 1029
138226 1019
138296 951
138366 983
138436 941
138506 925
138576 922
138653 922
138726 900
138796 893
138866 890
138936 883
139006 951
139076 890
139146 825
139216 793
139286 787
139356 777
139426 777
139496 748
139566 806
139636 764
139706 735
139776 735
139846 712
139916 680
139986 658
140056 645
140126 667
140196 632
140266 622
140336 616
140406 606
140476 606
140546 583
140616 593
140686 545
140756 516
140826 509
140896 503
140966 493
141036 490
141106 464
141176 483
141246 461
141316 448
141386 419
141456 390
141526 387
141596 370
141666 409
141736 361
141806 338
141876 332
141953 325
142026 309
142096 296
142166 290
142236 258
142306 274
142376 238
142446 219
142516 209
142586 200
142656 190
142726 177
142796 158
142866 158
142936 141
143006 119
143076 109
143146 96
143216 87
143286 70
143356 100
143426 45
143496 32
143566 22
143636 9
143706 6
143776 9
143846 16
143916 29
143986 38
144056 54
144126 67
144196 83
144266 100
144336 109
144406 138
144476 129
144546 135
144616 154
144686 167
144756 180
144826 196
144896 206
144966 235
145036 245
145106 251
145176 270
145246 261
145323 287
145396 287
145466 303
145536 316
145606 383
145676 358
145746 364
145816 380
145886 400
145956 412
146026 425
146096 400
146166 448
146236 445
146306 451
146380 493
146452 509
146522 516
146592 554
146662 529
146732 522
146802 545
146872 561
146941 587
147012 600
147081 680
147152 664
147222 658
147292 667
147362 658
147432 648
147502 667
147572 680
147642 764
147712 741
147782 735
147852 754
147922 780
147992 793
148062 806
148132 770
148202 825
148272 819
148342 816
148412 841
148482 864
148552 880
148618 861
148689 874
148759 900
148829 916
148899 951
148969 954
149039 1051
149109 1032
149179 1016
149249 1016
149319 1016
149389 1003
149459 1022
149529 1009
149599 1103
149669 1090
149739 1100
149809 1119
149879 1145
149949 1154
150019 1154
150089 1151
150159 1174
150229 1151
150299 1174
150369 1200
150439 1219
150509 1261
150579 1254
150649 1380
150719 1319
150789 1287
150859 1283
150929 1287
150999 1296
151069 1332
151139 1322
151209 1438
151279 1412
151349 1412
151419 1425
151489 1422
151559 1425
151637 1400
151709 1448
151779 1435
151849 1532
151919 1522
151989 1487
152059 1516
152129 1548
152199 1564
152269 1590
152339 1538
152409 1661
152479 1612
152549 1570
152619 1587
152689 1619
152759 1641
152829 1680
152899 1754
152969 1764
153039 1729
153109 1712
153179 1712
153249 1709
153319 1735
153389 1712
153459 1874
153529 1829
153599 1800
153669 1841
153739 1848
153809 1845
153879 1858
153949 1803
154019 1935
154089 1864
154159 1877
154229 1919
154299 1935
154369 1983
154439 1970
154509 2103
154575 1958
154645 2000
154716 2022
154785 2103
154856 2177
154926 2087
154996 2048
155066 2070
155136 2074
155205 2100
155275 2074
155346 2193
155416 2200
155485 2148
155555 2180
155625 2193
155696 2187
155766 2212
155836 2148
155906 2319
155976 2258
156046 2212
156116 2241
156186 2277
156256 2316
156326 2332
156396 2309
156466 2448
156536 2383
156606 2341
156676 2348
156746 2358
156816 2361
156886 2406
156956 2380
157026 2574
157096 2500
157166 2458
157236 2467
157305 2470
157376 2493
157446 2503
157516 2580
157593 2632
157666 2461
157736 2677
157806 2654
157875 2590
157946 2603
158016 2619
158086 2616
158156 2651
158226 2574
158296 2774
158365 2687
158436 2654
158506 2690
158576 2732
158646 2732
158716 2761
158786 2709
158855 2861
158926 2819
158996 2780
159066 2790
159136 2800
159206 2819
159276 2861
159345 3041
159415 2983
159486 2916
159556 2890
159626 2900
159696 2916
159766 2916
159840 2983
159912 3067
159982 2961
160052 2977
160122 3003
160192 3000
160261 3048
160332 3022
160401 3187
160472 3151
160542 3048
160620 3077
160692 3119
160762 3103
160832 3129
160902 3129
160972 3174
161042 3132
161112 3300
161182 3300
161252 3190
161322 3200
161391 3222
161462 3222
161532 3287
161602 3187
161672 3300
161742 3300
161812 3212
161882 3206
161952 3206
162022 3177
162092 3203
162162 3300
162232 3296
162301 3151
162372 3125
162442 3112
162512 3106
162582 3087
162652 3083
162722 3096
162792 3132
162862 3009
162932 3029
163002 3022
163072 2996
163142 3016
163212 2935
163281 3132
163352 3022
163421 2900
163492 2909
163558 3116
163629 3061
163699 2964
163769 2854
163839 2845
163909 2845
163979 2809
164049 2832
164119 2758
164189 2967
164259 2867
164329 2764
164399 2751
164469 2748
164539 2712
164609 2732
164679 2648
164749 2806
164819 2729
164889 2651
164959 2664
165029 2658
165099 2629
165169 2638
165239 2545
165309 2680
165379 2587
165449 2541
165519 2525
165589 2522
165659 2564
165729 2500
165799 2664
165869 2551
165939 2467
166009 2458
166079 2445
166149 2416
166219 2425
166289 2345
166359 2532
166429 2435
166499 2377
166577 2367
166649 2348
166719 2341
166789 2322
166859 2309
166929 2293
166999 2216
167069 2354
167139 2245
167209 2229
167279 2251
167349 2241
167419 2245
167489 2193
167559 2306
167629 2225
167699 2119
167769 2106
167839 2103
167909 2096
167979 2125
168049 2077
168119 2216
168189 2132
168259 2054
168329 2032
168399 2019
168469 1983
168539 1983
168609 2025
168679 2061
168749 2000
168819 1967
168889 1954
168959 1935
169029 1909
169099 1890
169169 1941
169239 1906
169309 1835
169379 1825
169449 1829
169519 1829
169597 1845
169669 1812
169739 1816
169809 1774
169879 1883
169949 1790
170019 1700
170089 1683
170159 1677
170229 1674
170299 1700
170369 1654
170439 1790
170509 1706
170579 1625
170649 1612
170719 1590
170789 1558
170859 1551
170929 1509
170999 1619
171069 1551
171139 1532
171209 1535
171279 1519
171349 1496
171419 1467
171489 1461
171559 1458
171629 1396
171699 1400
171769 1406
171839 1396
171909 1412
171979 1374
172049 1445
172119 1387
172189 1312
172259 1290
172329 1277
172399 1267
172469 1280
172535 1270
172606 1258
172676 1222
172746 1206
172816 1170
172886 1251
172956 1212
173026 1170
173096 1170
173166 1174
173240 1180
173312 1061
173382 1132
173452 1083
173522 1077
173592 1077
173662 1067
173732 1077
173802 1048
173872 1090
173942 1029
174012 964
174082 958
174152 958
174222 951
174292 954
174362 919
174432 977
174502 941
174572 922
174642 887
174712 854
174782 829
174852 825
174922 845
174992 841
175062 812
175132 796
175202 793
175272 783
175342 770
175412 741
175482 748
175552 722
175622 690
175700 687
175772 670
175842 658
175912 648
175982 641
176052 635
176122 625
176192 641
176262 590
176332 554
176402 545
176472 538
176542 529
176612 529
176682 503
176752 535
176822 503
176892 480
176962 470
177032 432
177102 419
177172 412
177242 435
177312 406
177382 380
177452 370
177522 361
177592 348
177661 345
177732 309
177802 306
177872 290
177942 267
178012 261
178082 251
178152 238
178222 232
178292 212
178362 216
178432 196
178502 170
178572 158
178642 145
178712 135
178781 122
178852 106
178922 103
178999 83
179071 70
179141 58
179211 45
179281 35
179351 19
179421 9
179492 6
179561 48
179632 19
179701 29
179771 45
179841 58
179911 70
179981 87
180052 90
180121 119
180192 116
180262 129
180332 141
180402 158
180472 170
180542 190
180612 200
180682 206
180752 238
180821 222
180891 238
180962 254
181032 267
181102 287
181171 296
181242 332
181312 338
181381 341
181452 361
181522 374
181592 358
181662 380
181732 390
181801 461
181872 435
181941 438
182011 458
182082 474
182152 490
182222 512
182292 496
182369 532
182439 519
182509 541
182579 561
182649 574
182718 596
182789 596
182859 638
182928 603
182999 616
183068 635
183139 651
183209 670
183278 690
183349 687
183418 748
183489 751
183559 748
183629 741
183698 738
183769 758
183838 774
183908 848
183979 848
184049 845
184119 851
184189 870
184259 887
184329 883
184399 877
184468 951
184539 925
184609 919
184679 932
184749 951
184819 974
184889 993
184958 1016
185029 990
185099 1058
185169 1029
185239 1016
185309 1035
185378 1061
185448 1083
185519 1109
185597 1177
185669 1141
185739 1132
185809 1235
185879 1203
185949 1170
186019 1167
186089 1170
186159 1183
186229 1206
186299 1300
186369 1293
186439 1277
186509 1300
186583 1248
186656 1283
186726 1248
186796 1370
186866 1358
186936 1338
187005 1380
187076 1403
187146 1409
187216 1425
187286 1370
187356 1480
187426 1429
187496 1422
187566 1445
187636 1477
187706 1519
187776 1525
187846 1664
187916 1596
187985 1532
188056 1548
188126 1548
188196 1554
188266 1580
188336 1587
188406 1738
188476 1696
188553 1651
188626 1745
188696 1716
188766 1703
188836 1703
188906 1700
188976 1722
189046 1667
189116 1832
189186 1780
189256 1761
189326 1796
189396 1832
189466 1832
189536 1854
189606 1809
189676 1941
189746 1867
189816 1829
189886 1867
189956 1896
190026 1935
190096 1958
190166 1964
190236 2077
190306 2003
190376 1974
190446 1983
190516 1987
190586 2016
190656 2019
190726 2009
190796 2161
190866 2093
190936 2096
191006 2112
191076 2103
191146 2132
191216 2077
191286 2229
191356 2174
191426 2145
191496 2187
191573 2216
191646 2219
191716 2254
191786 2245
191856 2280
191926 2300
191996 2367
192066 2287
192136 2274
192206 2280
192276 2316
192346 2348
192416 2390
192486 2451
192556 2493
192626 2422
192696 2403
192766 2412
192836 2416
192906 2438
192976 2435
193046 2567
193116 2580
193186 2525
193256 2516
193326 2529
193396 2532
193466 2554
193536 2538
193606 2719
193676 2635
193746 2580
193816 2603
193886 2641
193956 2645
194026 2683
194096 2651
194165 2816
194236 2767
194306 2700
194376 2696
194446 2709
194516 2716
194593 2790
194666 2764
194736 2819
194806 2774
194876 3000
194946 2887
195016 2825
195086 2835
195156 2848
195226 2848
195296 2900
195366 2848
195436 3093
195506 2996
195576 2909
195645 2951
195716 2954
195786 2964
195856 2993
195925 3161
195996 3164
196065 3006
196136 3025
196205 3058
196276 3061
196346 3087
196416 3100
196486 3032
196556 3267
196626 3145
196696 3112
196766 3145
196836 3158
196906 3183
196976 3203
197046 3251
197116 3300
197186 3238
197256 3225
197326 3254
197396 3248
197466 3258
197543 3219
197616 3238
197686 3216
197756 3296
197826 3300
197896 3183
197966 3154
198036 3161
198106 3125
198176 3154
198246 3058
198316 3267
198386 3161
198456 3048
198526 3061
198596 3061
198666 3025
198736 3054
198806 2967
198876 3167
198946 3064
199016 2948
199086 2941
199156 2941
199226 2916
199296 2964
199366 2864
199436 3041
199506 2961
199576 2854
199646 2848
199716 2845
199786 2819
199856 2822
199926 2761
200000 2796
200072 2777
200142 2774
200212 2738
200282 2754
200352 2648
200422 2832
200492 2754
200570 2700
200642 2751
200712 2670
200782 2658
200852 2654
200922 2619
200992 2638
201062 2545
201132 2674
201202 2577
201272 2538
201342 2535
201412 2545
201482 2551
201552 2522
201622 2687
201692 2570
201762 2480
201832 2451
201902 2435
201972 2409
202042 2422
202112 2377
202182 2574
202252 2477
202322 2370
202392 2364
202462 2348
202532 2322
202602 2332
202672 2254
202742 2406
202812 2312
202882 2258
202952 2267
203022 2267
203092 2241
203162 2238
203232 2158
203302 2303
203372 2200
203442 2116
203512 2122
203589 2154
203659 2135
203728 2267
203799 2161
203868 2061
203938 2051
204009 2032
204078 2029
204148 2061
204218 2035
204288 2187
204358 2100
204428 2006
204499 1964
204568 1948
204638 1935
204708 1900
204778 1906
204849 1861
204919 2000
204988 1941
205059 1890
205129 1874
205198 1858
205269 1829
205339 1825
205409 1770
205479 1864
205549 1816
205619 1751
205689 1751
205759 1761
205829 1754
205899 1745
205968 1706
206039 1651
206109 1748
206178 1648
206248 1606
206318 1622
206389 1622
206458 1629
206559 1548
206637 1622
206717 1648
206797 1551
206877 1525
206957 1516
207037 1490
207117 1464
207197 1509
207277 1519
207357 1438
207437 1432
207517 1422
207597 1419
207677 1409
207757 1451
207837 1361
207917 1396
207997 1374
208077 1380
208157 1364
208237 1348
208317 1387
208397 1296
208477 1303
208557 1290
208637 1274
208717 1251
208797 1229
208877 1264
208957 1170
209037 1196
209117 1174
209197 1164
209277 1141
209357 1119
209437 1151
209517 1161
209597 1080
209677 1070
209757 1064
209837 1058
209917 1038
210005 1045
210083 1029
210163 1041
210243 967
210323 987
210403 977
210483 970
210563 951
210643 948
210723 996
210803 916
210883 941
210963 909
211043 893
211123 880
211203 867
211283 887
211363 819
211443 829
211523 803
211603 790
211683 770
211763 754
211843 777
211923 716
212003 722
212083 700
212163 690
212243 670
212323 658
212403 667
212483 609
212563 619
212643 600
212723 600
212803 593
212883 587
212963 612
213043 590
213123 564
213203 545
213283 532
213363 516
213443 496
213523 500
213603 458
213691 461
213770 448
213850 445
213930 422
214010 409
214090 396
214170 387
214250 390
214336 348
214413 329
214493 316
214573 316
214653 277
214733 287
214813 277
214893 274
214973 258
215053 245
215133 238
215213 206
215293 203
215373 187
215453 174
215533 161
215613 141
215693 135
215773 109
215853 106
215933 96
216013 83
216093 70
216173 54
216253 41
216333 29
216413 16
216493 6
216573 6
216653 12
216733 19
216813 29
216893 74
216973 51
217053 74
217133 90
217213 100
217293 109
217373 129
217453 129
217529 141
217607 161
217687 170
217767 180
217847 200
217927 225
218007 219
218087 232
218167 245
218247 254
218327 264
218407 287
218487 290
218567 306
218647 312
218727 332
218807 354
218887 380
218967 412
219047 387
219127 416
219207 422
219287 441
219367 448
219447 464
219527 490
219607 493
219687 500
219767 512
219847 519
219927 529
220007 538
220087 567
220167 616
220247 574
220327 587
220407 596
220487 609
220567 612
220647 645
220727 670
220807 641
220887 680
220967 696
221047 712
221127 725
221207 767
221295 796
221373 796
221453 748
221533 790
221613 796
221693 825
221773 841
221853 864
221933 922
222013 870
222093 906
222173 903
222253 919
222333 929
222413 941
222493 993
222573 938
222653 980
222733 977
222813 993
222893 996
222973 1003
223053 1061
223133 1012
223213 1041
223293 1045
223373 1058
223453 1064
223533 1080
223613 1135
223693 1109
223773 1148
223853 1151
223933 1180
224013 1200
224093 1222
224173 1303
224253 1238
224333 1280
224413 1277
224493 1287
224573 1287
224653 1296
224733 1367
224809 1306
224887 1303
224967 1312
225047 1312
225127 1361
225207 1416
225287 1354
225367 1403
225447 1409
225527 1429
225607 1438
225687 1493
225767 1580
225847 1487
225927 1529
226007 1535
226087 1548
226167 1548
226247 1612
226327 1677
226407 1593
226487 1583
226567 1606
226647 1609
226727 1622
226807 1670
226887 1741
226967 1651
227047 1645
227127 1664
227207 1661
227287 1677
227367 1777
227447 1674
227527 1745
227607 1745
227687 1767
227767 1783
227847 1809
227927 1893
228007 1816
228087 1874
228167 1858
228255 1877
228333 1877
228413 1887
228493 1906
228573 2019
228653 1912
228733 1967
228813 1964
228893 1993
228972 1996
229053 2041
229133 2167
229213 2022
229293 2074
229373 2054
229453 2064
229533 2067
229618 2093
229697 2093
229777 2109
229857 2125
229937 2161
230017 2254
230097 2145
230177 2212
230257 2196
230337 2222
230417 2229
230497 2306
230577 2403
230657 2258
230737 2309
230817 2290
230897 2287
230977 2283
231057 2370
231137 2445
231217 2296
231297 2348
231377 2338
231457 2364
231537 2370
231617 2396
231705 2503
231783 2516
231863 2364
231943 2464
232023 2441
232103 2474
232183 2474
232263 2490
232343 2635
232423 2490
232503 2558
232583 2551
232663 2574
232743 2583
232823 2616
232903 2748
232983 2606
233062 2658
233143 2648
233223 2680
233303 2680
233383 2719
233463 2867
233543 2700
233623 2777
233703 2748
233783 2748
233863 2738
233943 2825
234023 2932
234103 2758
234183 2832
234263 2816
234343 2835
234423 2819
234503 2938
234583 3070
234663 2903
234743 2896
234823 2925
234903 2922
234983 2941
235060 2951
235140 2958
235220 2990
235300 3129
235380 2967
235460 3054
235540 3029
235620 3051
235700 3038
235780 3138
235860 3296
235940 3077
236020 3103
236100 3129
236180 3129
236260 3138
236340 3293
236420 3300
236500 3225
236580 3200
236659 3216
236740 3222
236820 3229
236900 3300
236980 3203
237060 3258
237139 3251
237217 3174
237297 3248
237377 3193
237457 3190
237537 3170
237617 3193
237697 3300
237777 3100
237857 3154
237937 3106
238017 3093
238097 3048
238177 3135
238257 3254
238337 3019
238417 3041
238505 3016
238583 3000
238663 2983
238743 2954
238823 3064
238903 3006
238983 2964
239063 2919
239143 2919
239222 2893
239303 2896
239383 3048
239463 2848
239543 2887
239623 2838
239703 2832
239783 2816
239863 2822
239943 2932
240023 2754
240103 2803
240183 2754
240263 2764
240343 2735
240423 2732
240503 2845
240583 2648
240663 2696
240743 2651
240823 2629
240903 2612
240983 2600
241063 2735
241142 2761
241223 2583
241303 2551
241383 2558
241463 2535
241543 2535
241623 2648
241703 2467
241783 2525
241863 2487
241951 2467
242030 2454
242110 2432
242190 2448
242270 2538
242350 2374
242430 2425
242510 2390
242590 2374
242670 2351
242750 2393
242830 2490
242910 2332
242990 2329
243069 2312
243150 2293
243230 2258
243309 2300
243387 2241
243467 2235
243547 2341
243627 2187
243707 2235
243787 2196
243867 2190
243947 2170
244027 2203
244107 2254
244187 2093
244267 2125
244347 2074
244427 2051
244507 2022
244587 2061
244667 2132
244747 1980
244827 2000
244911 1983
244990 2106
245070 1970
245150 2003
245229 1964
245302 1929
245380 1945
245460 1929
245540 1919
245620 2009
245700 1848
245780 1883
245860 1838
245940 1819
246020 1806
246100 1806
246180 1848
246260 1712
246340 1758
246420 1716
246500 1709
246580 1696
246660 1683
246740 1758
246820 1632
246900 1680
246980 1648
247060 1645
247140 1638
247220 1645
247300 1703
247380 1587
247460 1622
247540 1590
247620 1590
247700 1570
247780 1567
247860 1638
247940 1503
248020 1522
248100 1483
248180 1461
248260 1448
248340 1458
248420 1496
248500 1396
248580 1390
248660 1370
248748 1364
248827 1358
248907 1335
248987 1364
249067 1280
249147 1296
249227 1270
249307 1261
249387 1245
249466 1235
249543 1258
249623 1232
249703 1219
249783 1264
249863 1170
249943 1187
250023 1154
250103 1135
250183 1125
250263 1116
250343 1145
250423 1061
250503 1083
250583 1077
250663 1067
250743 1048
250823 1070
250903 1106
250983 1025
251063 1032
251143 1025
251223 1003
251303 987
251383 996
251463 1022
251543 941
251623 919
251703 909
251783 890
251863 870
251943 890
252022 903
252103 835
252183 819
252271 816
252350 806
252430 787
252510 767
252590 793
252670 722
252750 738
252830 712
252910 706
252990 687
253070 677
253150 687
253230 632
253309 635
253387 667
253466 606
253543 632
253623 667
253703 593
253783 577
253863 564
253943 548
254023 529
254103 532
254183 564
254263 490
254343 483
254423 464
254503 448
254583 435
254663 429
254743 441
254823 387
254903 387
254983 367
255063 351
255143 338
255223 335
255303 329
255383 319
255463 312
255543 300
255623 283
255703 264
255783 264
255863 232
255951 229
256030 219
256110 203
256190 190
256270 177
256350 161
256430 154
256510 129
256590 122
256670 106
256750 96
256830 83
256910 64
256990 54
257070 38
257150 29
257230 16
257310 6
257390 6
257470 6
257550 19
257630 22
257710 45
257790 54
257870 67
257950 80
258030 90
258110 106
258190 122
258270 145
258350 154
258430 167
258510 174
258590 196
258670 241
258750 219
258830 225
258910 241
258990 251
259070 264
259150 287
259230 283
259310 306
259390 312
259470 325
259550 332
259630 348
259710 377
259790 367
259866 396
259942 403
260023 425
260102 451
260185 451
260263 467
260342 487
260420 448
260500 477
260580 487
260659 500
260736 532
260817 538
260897 551
260976 558
261052 590
261129 580
261206 612
261283 625
261362 638
261439 654
261519 670
261596 664
261672 735
261749 693
261827 700
261907 706
261987 719
262067 764
262147 725
262227 764
262307 770
262387 796
262467 819
262547 851
262627 906
262707 867
262787 903
262867 900
262947 912
263027 916
263107 951
263187 1009
263267 948
263347 970
263427 974
263515 996
263593 1012
263673 1012
263753 1058
263833 1116
263913 1048
263993 1070
264073 1074
264153 1080
264233 1090
264313 1122
264393 1167
264473 1106
264553 1141
264633 1135
264713 1151
264793 1154
264873 1167
264953 1251
265033 1183
265113 1238
265193 1238
265273 1264
265353 1280
265433 1312
265513 1383
265593 1319
265673 1374
265753 1364
265833 1380
265913 1383
265993 1400
266073 1483
266153 1393
266233 1441
266313 1432
266393 1441
266473 1445
266553 1490
266633 1545
266713 1464
266793 1496
266873 1490
266961 1516
267040 1535
267120 1538
267200 1587
267280 1609
267360 1561
267440 1583
267520 1590
267600 1606
267680 1609
267760 1683
267840 1622
267920 1674
268000 1690
268080 1716
268160 1729
268240 1751
268320 1864
268400 1751
268480 1819
268560 1809
268640 1832
268720 1845
268800 1874
268880 1967
268960 1841
269040 1900
269120 1880
269200 1893
269280 1893
269360 1929
269440 2022
269520 1909
269600 1938
269680 1938
269760 1951
269840 1970
269920 2038
270000 2129
270080 2006
270160 2058
270240 2054
270316 2016
270393 2183
270473 2261
270553 2129
270633 2167
270713 2148
270793 2161
270873 2135
270953 2206
271033 2316
271113 2170
271193 2206
271273 2196
271353 2209
271433 2212
271513 2312
271593 2400
271673 2264
271753 2290
271833 2316
271913 2322
271993 2325
272073 2454
272153 2329
272233 2412
272313 2393
272393 2422
272473 2422
272553 2467
272633 2590
272713 2467
272793 2522
272873 2503
272953 2519
273033 2519
273113 2551
273193 2651
273273 2506
273353 2570
273433 2541
273513 2567
273593 2574
273673 2658
273761 2745
273840 2758
273920 2603
274000 2674
274080 2658
274160 2674
274240 2670
274320 2767
274400 2893
274480 2716
274560 2745
274640 2770
274720 2767
274800 2774
274880 2903
274960 2993
275040 2841
275120 2845
275200 2861
275280 2870
275360 2883
275446 2890
275523 2896
275603 2906
275683 2906
275763 3025
275843 2941
275923 2977
276003 2967
276083 3003
276163 2996
276243 3000
276323 3154
276403 3058
276483 3070
276563 3077
276643 3090
276723 3096
276803 3103
276883 3245
276963 3093
277043 3167
277123 3154
277211 3187
277290 3190
277370 3196
277450 3238
277530 3300
277610 3187
277690 3277
277770 3238
277850 3254
277930 3225
278010 3206
278090 3300
278170 3138
278250 3219
278330 3164
278410 3158
278490 3141
278570 3151
278650 3296
278730 3058
278810 3129
278890 3070
278970 3077
279050 3048
279130 3041
279210 3196
279290 2980
279370 3045
279450 2990
279530 2987
279610 2970
279690 2983
279770 3090
279850 2929
279930 2967
280010 2909
280090 2916
280170 2880
280250 2887
280330 3009
280410 2812
280490 2841
280566 2932
280643 2774
280723 2851
280803 2964
280883 2780
280963 2745
281043 2748
281123 2725
281203 2712
281283 2832
281363 2651
281443 2719
281523 2674
281603 2667
281683 2651
281763 2661
281843 2761
281923 2567
282003 2609
282083 2554
282163 2545
282243 2512
282323 2538
282403 2654
282483 2474
282563 2493
282643 2477
282723 2454
282803 2432
282883 2512
282963 2554
283043 2409
283123 2412
283203 2396
283283 2383
283363 2367
283443 2487
283523 2312
283603 2370
283683 2325
283763 2332
283843 2309
283923 2319
284011 2403
284090 2370
284170 2216
284250 2274
284330 2232
284410 2225
284490 2203
284570 2203
284650 2287
284730 2132
284810 2158
284890 2109
284970 2096
285050 2070
285130 2054
285210 2122
285290 1996
285370 2041
285450 2012
285530 2009
285610 1990
285690 1987
285770 2083
285850 1935
285930 1974
286010 1941
286090 1938
286170 1925
286250 1922
286330 1974
286410 1874
286490 1916
286570 1877
286650 1867
286730 1841
286810 1832
286890 1906
286970 1774
287050 1793
287130 1754
287210 1735
287290 1716
287370 1735
287458 1787
287537 1809
287617 1677
287697 1690
287777 1654
287857 1629
287937 1603
288017 1645
288097 1680
288177 1561
288257 1551
288337 1548
288417 1532
288497 1512
288577 1548
288657 1606
288737 1487
288817 1503
288897 1490
288977 1477
289057 1464
289137 1512
289217 1545
289297 1438
289377 1445
289457 1412
289537 1393
289617 1361
289697 1393
289777 1441
289857 1325
289937 1325
290017 1296
290097 1274
290177 1251
290257 1287
290337 1312
290416 1209
290493 1283
290573 1193
290653 1216
290738 1270
290813 1174
290893 1148
290973 1138
291053 1180
291133 1090
291213 1103
291293 1070
291373 1061
291453 1045
291533 1048
291613 1074
291693 1006
291773 1022
291853 1000
291933 996
292013 983
292093 1000
292173 1045
292253 958
292333 964
292413 938
292493 922
292573 896
292653 916
292733 929
292813 858
292893 848
292973 829
293053 812
293133 790
293213 806
293293 748
293373 758
293453 735
293533 729
293613 706
293693 693
293773 712
293853 654
293933 658
294012 638
294090 632
294169 635
294246 667
294323 593
294403 593
294479 580
294557 580
294637 564
294717 548
294797 529
294877 538
294957 490
295037 496
295117 477
295197 467
295277 448
295357 432
295437 435
295517 400
295597 400
295677 377
295757 367
295837 354
295917 338
295997 341
296077 325
296157 322
296237 309
296317 300
296397 283
296477 267
296557 264
296637 235
296717 229
296797 212
296877 200
296957 187
297037 167
297117 164
297197 138
297277 138
297357 119
297437 109
297517 93
297597 77
297677 67
297757 51
297837 45
297917 29
297997 19
298077 6
298157 0
298245 9
298323 19
298403 29
298483 45
298563 54
298643 67
298723 80
298803 90
298883 106
298963 119
299043 145
299123 151
299203 167
299283 177
299363 196
299443 193
299523 216
299603 225
299683 241
299763 251
299843 261
299923 287
300003 283
